5.092950478852639	1.1771584545347944
2.3852648680008253	1.2322866193094233
3.4885881201404647	1.187644950324385
2.4409906564800665	1.2141750152119573
3.3214350273736706	1.2963504769775482
3.457524760026682	1.2894150825586363
4.919835886401206	1.1371710676080538
6.77812952878616	1.1851258380287395
3.704512468647204	1.0977072711464742
3.0633905902576926	1.1253433289985835
4.21926059820936	1.205396082388769
5.2018399382022595	1.1144170500504798
4.30090672552992	1.1807118958868341
4.941438527317497	1.1195316577705616
5.385784153088643	1.1091686433850743
4.062811972049524	1.231680929504345
5.542283685938642	1.2385362255966628
2.348392728405601	1.2557382343264012
2.9638676349238957	1.1782777880385236
2.349794701731201	1.3028057204424637
2.650108661982319	1.1926837439405225
6.533126862090367	1.182956876189019
3.5538075435231846	1.15283208341855
4.358657768485644	1.296886101231613
2.9760148749236834	1.2844488433444727
2.52378215625664	1.2145377281483856
4.943693234611517	1.0960687561224356
3.7563948512221854	1.1533763756189577
5.981999689199812	1.2665898222135192
3.6917547009583993	1.243422199785217
2.4848311116120416	1.1373459737881877
2.6649022327492644	1.2967354637888577
4.847805766907615	1.2759163220206933
5.298387548778651	1.288097285826296
5.194957834668782	1.2434272721730328
4.518919002471998	1.1769601565154821
4.8081323792398125	1.0839031636978287
2.328957248348116	1.2461172974899348
5.0204254072552175	1.3061752749947828
2.5273814470202436	1.1012481068841613
4.2846583954884725	1.1322010481525475
4.770756700928505	1.1297384658475813
4.220996909874209	1.3170855006588458
2.5567994651011494	1.247781776569701
3.7393401078333097	1.2649729192996175
4.983146175948672	1.1970877574626488
6.224137011219948	1.141027949290484
6.303711210668624	1.1500807161488702
4.567499245916318	1.295541164792887
5.584163987184004	1.0934795527406274
3.646862172626173	1.1205397031784874
4.867647571214822	1.0843217864716195
4.770382363463414	1.1704425412117023
6.464831443985391	1.2315690388917946
4.544767870484408	1.2813247756936992
4.204034054210268	1.207422783543712
6.638797607458628	1.085122917560496
3.498751232674977	1.3112738315957302
5.383823509157503	1.302195261428384
4.791081533265318	1.1065165274359607
2.6954890126479363	1.2084019647700168
4.488320648696862	1.2612710041600126
6.29995345361822	1.1473530963196599
6.277109398933586	1.256195208897472
5.282622867578505	1.2316862847882717
2.6406768327644965	1.2288217915026063
5.783090823828482	1.090998264709264
3.277544727252862	1.2952930068207802
2.4264769979363052	1.0996314823714233
5.581146380569702	1.1535981307796774
5.5030069089196925	1.2335292198617758
6.219417674679207	1.1952313605016942
4.588052359254323	1.1929841927919205
3.4111444689574077	1.0852788000117075
3.8085811628752957	1.1055354134865278
5.729345405942107	1.2366654043392606
4.666039265881551	1.1533727957279583
4.6305043271580155	1.232161504897292
2.808383486121168	1.1961082223281707
3.9198395468171556	1.1278294169208447
6.118550326886021	1.2585478295770507
2.42885071029549	1.2499371310321883
5.316734682771193	1.218523821645256
5.596679839635431	1.1273158119851285
4.812380681279592	1.2385342271857005
5.212055822380549	1.1029825112944363
4.3854666290576345	1.1866501991290712
5.4570863615283045	1.1198000331052391
4.476726851788161	1.269761246452081
2.4550885451381346	1.2549857180599113
2.371821498472698	1.317787295277346
6.391523283590911	1.0930452574004341
6.200896902555522	1.1718842770080609
5.739925580339954	1.2687086224734236
3.400605887198093	1.2717324811163992
4.0195408693335954	1.1523114103407883
3.3830683362931415	1.1721374152051158
5.952046356119916	1.1189226244744908
2.435278667058695	1.1609666010499584
5.218272722471181	1.2683983551856735
6.538541015035062	1.1533383377709572
4.391291928480042	1.263222984146348
5.231810416141566	1.2199920328047422
4.260032242624711	1.2087262563509935
2.62224517409136	1.2353473712880825
4.803240614535321	1.1139948582632087
3.471551792746216	1.2291666862737063
5.3012159289892535	1.1035716579455594
2.6282805168303605	1.09656111136888
5.97365155284823	1.0863030494019654
3.760126554556191	1.1920603423462361
5.21246980988375	1.1050066470957214
2.765152940449033	1.0850460342643797
5.297402536471788	1.222752645929162
6.259517333023183	1.11376520888039
3.3552224840253997	1.3084938032153446
4.142751169134087	1.1805680381133188
4.260984529071011	1.1554238098493157
6.24676896574395	1.1252369150603794
3.787685016598533	1.1278104471802284
3.001530335099953	1.2262589173770118
6.062471122742101	1.2361153568221617
4.3825810127922775	1.118766805106537
4.968403095550382	1.295394802664293
4.069199844515749	1.262985825877584
2.444909625698415	1.3095723450685688
5.004690023086127	1.1806620589467414
5.60241478151524	1.1344445932642013
6.248734834285317	1.2436951017122482
3.217247741262719	1.1551989731888335
6.475862884165461	1.2445591063562795
5.45947369876086	1.1102413429707771
3.051694381219363	1.3174664357576955
4.420249920444972	1.1886940083858282
2.497052119269306	1.0997515517888474
3.401444251547762	1.248799817763593
6.642618084550036	1.1798874789951497
5.4202874558622	1.1789641200741847
3.464018539480321	1.280211718370684
5.935567264472997	1.2414567447543379
4.814048946169859	1.1789367278987575
4.085048823844959	1.2712367648973482
6.116211117412778	1.2851163683157751
2.876064455082404	1.3021214782972148
3.548568018045753	1.2588873234230116
3.055519827572917	1.2682124105243762
3.458851840587129	1.1866809025472083
6.386052650032889	1.3172642670021446
6.0878390447217345	1.2310910725073858
3.1964967949314156	1.140624229490068
2.9304924605674487	1.2597005689242402
5.331110241025761	1.3054028082044813
6.360079387772806	1.1987648326020386
6.252920164659107	1.089375267941814
2.7713413592109353	1.1793982168421102
2.8972201986440234	1.188453566507476
5.773378732949803	1.25877006437183
5.438489744024542	1.3156395567407708
5.339302467303534	1.3080882199752226
3.6314185888578443	1.3051541308549977
6.1153999716723355	1.1266535298607436
5.142581052386639	1.1228447688626515
6.098861470251551	1.2283810349781086
6.291161823804735	1.2398000350956568
6.100831686227258	1.0973018299436679
5.630919376399069	1.1530462762306737
5.657198933369209	1.2081853268665077
4.770067280527371	1.1072755465690653
4.079181002406618	1.113885622967443
5.585957662988621	1.1135389774751607
5.64611299329149	1.1097942149197122
6.540857713326013	1.1163671907911519
3.450759511236808	1.1391615443074634
5.382509819579594	1.149430263635722
3.4497125261088106	1.1712692282381725
3.416276978555074	1.2693778485027774
6.529423741315624	1.138133267621297
4.631529135902449	1.3035722473398066
3.9544064133718617	1.0947684861905476
3.02694526171757	1.2684694470907876
3.97040068020239	1.1620957958980742
2.842925131961692	1.1934503026692962
3.71154820487866	1.093511609283591
3.233836483472036	1.3198172712217877
3.803858862703647	1.111399214906849
4.538487166842046	1.13879428784169
2.9956326889288922	1.214019028606071
4.462344211745258	1.2236210563385708
4.101068141712634	1.1023426469626791
6.5382681621848935	1.154163077251009
5.266400320384014	1.1294999986350784
4.518184612649821	1.1945538341902227
3.6642016593067464	1.2673447405058087
5.400742896726975	1.2602814509491191
3.0274448603468924	1.26011293948184
6.537004277346459	1.2195717777112172
3.5340929114384583	1.2147366227374774
2.7503518333867705	1.1337471229594862
3.7310524089837904	1.3104103828254536
2.388468289647552	1.1518364679123123
2.540306791950404	1.1133501251858706
6.627593114724266	1.1618073599156957
2.623650549779523	1.1030543669116701
2.9877764736813837	1.1338038043110976
5.196838992609422	1.319370781857835
3.2285244412044976	1.2225288406262658
4.247195384137095	1.2296266772515094
6.447902779272986	1.203565073921946
4.996234433946549	1.2931861270349836
6.2148633423405	1.1836718470092338
4.297808971416017	1.1883293536242876
2.763675458435112	1.189813370320297
4.27870430632335	1.178354778990471
4.532895890097926	1.1613713358244986
2.8036237963743265	1.1686601216766865
4.877065451373874	1.273719165645185
4.364743745849791	1.1553782361398421
3.8776495591113225	1.09674981788158
2.4026369717239113	1.235256776964515
5.658734455034687	1.1589254009464471
6.09382343719407	1.1958414589460489
5.736994278498818	1.200516160215281
5.002801547921972	1.243917538560748
4.732062956302323	1.2364634090342
2.5280212852051713	1.0944596996391034
5.805083206508975	1.284587235665008
3.914729841329085	1.1477522978019257
5.3511039521108295	1.116753009970268
4.250232303058569	1.0880695490744725
5.480489582157807	1.3108655396904747
2.2761690416579863	1.1905810181218737
4.034122575766843	1.088989248255401
5.406375404866236	1.183237440066022
2.3701671509490536	1.0997233312702115
6.087365471855272	1.1034741953717377
2.658541479486339	1.0983298986780192
6.431954607670083	1.2001253577456947
5.7562592686607585	1.1576939737441403
3.471079870489668	1.190491856920771
3.9178436893551716	1.230774028360641
6.536566962784638	1.2976467000169318
5.040580328829687	1.253951286245155
5.83168875407087	1.0848194091270698
4.0413083267638825	1.1918807207040338
6.508819864839289	1.1616521584987343
4.113279306756524	1.2885954904852737
5.863908586374096	1.2520838184155847
2.3874237052054355	1.2580297587516676
3.9195988492771905	1.2208977190499548
3.2309478947498254	1.102517637957535
4.182315414504311	1.274953849434798
3.64230447637991	1.1907472400383983
3.921937473633032	1.1399518705241913
6.345310717183401	1.2413107777293133
3.6493582991523574	1.2227564951583838
6.47825945500758	1.2390402599522057
6.571584646333022	1.1501605221745888
3.6301528130666876	1.2351857814107567
5.065269593572227	1.2103866415907187
2.534469707882803	1.1887944644797812
5.135143055003807	1.2041900019129033
6.323043181044402	1.3090415337185919
5.778207165810258	1.1834903979481926
5.532908101612312	1.1136986993203977
6.2007367957631505	1.0992233844113164
3.4452644130230445	1.0929296857949347
4.011751628726682	1.273552709748549
5.538703486878401	1.2166227366624252
6.729276618684613	1.090847107599619
4.416230743624352	1.1863111621136333
5.457681720963461	1.242639569456897
3.9286210381692395	1.0954488771978437
6.785805014107748	1.274961985365367
5.343465515551763	1.26156059441937
5.837362557270314	1.0818776080469281
3.6535958398619592	1.2637346312166406
2.5778385885057675	1.2561899769773508
3.881419076692801	1.1074001219114462
4.450406139847932	1.170698986309378
4.703116420890854	1.147278572036163
3.2727896295995755	1.1073356392171378
3.680825257445875	1.197762818383197
3.363093644090692	1.25438084912524
6.126395491558621	1.0883954210925093
5.689287269104188	1.1305825502453803
6.251247574266329	1.2164037766057596
5.715274122850574	1.2351694355787135
2.470806112660361	1.1976761284486372
6.325301286292272	1.240384515889053
2.3175539038208597	1.1529836868444976
4.697846240016438	1.2503877086388995
6.389860125899863	1.2050510664328196
2.83472550893992	1.1481206581870556
4.897339425660407	1.2421855619085276
3.8530379918418154	1.3042429643810716
4.461285701113067	1.2697599317433395
2.689524157100843	1.313718539238164
4.569728949567141	1.2878722122465542
4.642069282283009	1.2921427126309712
2.365338962683691	1.0924628607296845
4.24039150999496	1.1867169517235998
4.9597837187612885	1.0833846758478256
2.8168363476367713	1.1242904795078652
2.7392691707034977	1.2197470622017468
2.723728134532596	1.1656761963000268
5.923851817901316	1.2125321704006327
3.683305584277929	1.1696190859294178
5.50846853722778	1.3176395267640035
3.3814651185733533	1.1735017709697158
3.4204467539700736	1.1817735217466327
4.508876080486577	1.3147684813272011
4.491017002263388	1.2753300893702544
3.675355109810475	1.3136506658824958
2.946708461303014	1.1903139920483186
5.1505781986602415	1.0857649714885726
3.605724425495407	1.2095992275421426
4.878634421904026	1.1289917340228313
3.6769425597140257	1.1240144214399062
2.7296532847524393	1.2159467709489817
6.484662257650869	1.1641393507742668
6.078505883972605	1.2041279978848922
2.5475800184087176	1.2171818914615582
2.3501389667394794	1.1994950672821534
6.2269100406471445	1.110894778105139
6.593210314493508	1.2123689330309557
2.6753708455053724	1.1816899985791827
4.403665412238666	1.2185769750247692
4.93582665508934	1.1665247581643097
2.49920520483783	1.3076882760429573
4.786064654505195	1.1701547323853192
2.742030880211444	1.161606749456634
3.1858021822426306	1.1886163993630599
4.833736571135877	1.1172110888398405
6.60657103334612	1.2187690452267002
3.7374446396995284	1.086881097906386
6.204635862847228	1.084277949255399
6.397743498382075	1.2310895457699216
4.791991109504569	1.2266021605113229
5.415267456634348	1.2078585141975189
6.020676268540076	1.2054701293269523
6.68907045825819	1.1837337031376602
2.3921906612236192	1.135647056777338
5.818475238764451	1.0921573134947864
6.186141313858362	1.2007667292567652
4.039595994999115	1.2741016746363116
5.16832780049481	1.2089868842930063
4.412337805215847	1.2146636804688313
4.389657538185867	1.2637874995695402
4.21945948377184	1.1267749619911465
4.813216306547663	1.1218861844074273
4.592911103720052	1.2436120371164432
2.813455746400452	1.149195267584846
3.553831181544882	1.2922759901252687
6.328443659126194	1.1712321595155049
4.991278406772652	1.240154401337842
4.765522816636331	1.1252035202181305
2.7064490556124303	1.0972133385420975
2.756478921568958	1.2999488060731759
3.4721554686188654	1.110870598190785
6.291871853695733	1.155355017873891
5.2763471375871775	1.1828559709990278
5.959667714757665	1.2048074450997384
5.126680591256823	1.2062828765523312
4.384636345328289	1.1418226522162145
2.5861394780128015	1.155378401632929
4.131732147089531	1.1112913901985584
5.166034909897892	1.2824055002730366
6.176746181945129	1.3117773990961124
3.6872712394609746	1.1508882150531377
3.565648645418464	1.2125806680618896
2.6644178487418544	1.3051115167581357
4.361255636096678	1.24575823433679
4.327825523715575	1.2025142065603303
6.022947222109277	1.2233011822815412
4.788534159376516	1.1107114753459024
3.677554258613676	1.2828390885430672
3.3575350910864046	1.3151331793026866
6.782254685489475	1.1117728362279147
5.884815469505696	1.1741158275380028
3.183435913486727	1.132167796883267
5.3614234451313525	1.2182668386825675
4.349062911983644	1.291333500773065
4.605899132146125	1.3000351645263784
6.642271371430457	1.0890958470267134
4.612826933881845	1.2023738657266774
5.709189123414143	1.2104196668552751
5.596368724482524	1.1637588869970776
4.340319805357029	1.122063035217722
5.983259039158957	1.1113261349298336
3.2055283337150082	1.2853451655435078
3.5313928305874454	1.1960178541496165
5.6552114960772455	1.2083746820702561
5.677283623678222	1.1623286845248377
4.7777067807982485	1.2342892721324272
6.249843784511359	1.2842605044786801
2.300688234637443	1.248730957813045
5.926477700717309	1.2149927454230922
4.875653960237227	1.2343374359859276
2.5418844363646365	1.2197613729927992
5.6646068065574555	1.1249241308234508
4.431272685371825	1.2840914734538258
2.8558734800432286	1.172304898996174
5.427707203557929	1.2907879902291537
5.636709168206746	1.1251973346371522
6.750463471932355	1.1591655403751537
4.211916561587927	1.2324522162323899
2.6044173960091346	1.14767187792826
4.413537194107271	1.2439743248112112
2.335591763657414	1.1006886623070031
2.9750342178639695	1.2106639525185228
2.7931617968403475	1.2401129419582861
4.683387137136959	1.1857576829111123
6.23006171655519	1.1811211133110056
4.8676048688061195	1.200451135304949
4.267017842740454	1.2036950637313244
3.4080413695089553	1.2196086383999172
3.975509485846228	1.2917944937420722
2.953065739397217	1.1200359971535372
6.573426789693124	1.1187089671539683
5.7573770586216	1.0830408390129975
3.645141379697659	1.2025127075390063
6.7345210995212295	1.2293761352150687
6.714933645070751	1.2280338566519966
2.3999504304222037	1.1467169093544989
3.919023170349874	1.283450703354422
2.861491111071533	1.2850645345711509
3.6681177957272393	1.1653160834972434
5.0856894519189275	1.1387414092771821
3.278650880328575	1.2703351818110589
5.082322719454276	1.1989274605407296
3.5211962475271195	1.23985448292582
3.096718344953465	1.3090193463596718
4.937060564807948	1.1858469607301296
2.434743503915302	1.1974662808079541
4.740378532262064	1.2500250628093243
4.989836525812835	1.0857298053247193
4.644692580626793	1.1819609863177531
5.69745002481033	1.1275316584741144
2.602249226148328	1.0849310508138097
3.3138494045955946	1.245978883725466
3.715367587963049	1.242599822750838
3.3157977506050713	1.1805439910451025
4.732978930100257	1.2146526657885919
6.338630082158751	1.1369494474258377
2.7467580621023173	1.1431267932619777
4.168069163167474	1.0879580579453798
3.623665887110082	1.298303567715752
4.338041225555245	1.0920730314257354
3.265962836415648	1.2602743735848372
4.922071792653906	1.1019315513307584
6.589939661628894	1.2275077613092056
4.359180980674109	1.2533492311632481
4.808024584886622	1.219405167800673
4.195537384924052	1.2639659789839894
3.2739315950333303	1.2123312259516708
4.233097397894277	1.2833587882299557
4.550585050685572	1.152415593420345
5.944822676113416	1.0991679838268043
6.171824590454364	1.3193397741396415
5.852147847190315	1.10369736305351
5.225789743737094	1.1937398933997478
6.651348532465311	1.2701952432608579
3.6301721789854424	1.131706782269362
5.994310995887158	1.2683077719542974
3.770715290275684	1.1975005504043073
5.307809849406926	1.1371578122516681
5.53819178579502	1.1913216113871339
3.9288206336960494	1.1141530869135543
4.630481488313071	1.318392005955408
2.2749635418013083	1.2931395503609944
4.344411870252424	1.2512607403806983
2.915928997940584	1.250504646070463
5.577578600027978	1.1886497157223692
6.12870393323181	1.229338137846406
3.772147595872171	1.175212170564915
6.410453367992194	1.1444161302125229
4.88525679713746	1.2553929807424438
4.49695064723266	1.257623488312436
4.974469473671194	1.251655507037651
3.275504823223587	1.2110361133490983
2.887415698900674	1.102884210202901
4.7919312705633	1.2004948314239992
4.339850589989523	1.176422057165158
4.47317376161293	1.2458892262120282
5.209808218630555	1.1358264537907126
4.526337391957474	1.2703808558648788
3.0367098743088534	1.0864608359638985
2.948844992688938	1.2171119134399884
6.601927501451914	1.1601562450422158
4.02197624654565	1.195524168000378
4.1976666821035185	1.1934281550713772
3.6357307371934997	1.144671971203384
5.413175802136129	1.1284919276281264
6.729090616733648	1.1908973061542532
4.113488850104665	1.0870611647372546
2.907732622410583	1.0825354634928137
3.56874706826573	1.3109222566272265
2.4770931146566753	1.131599750342423
2.440380945595203	1.1786177805779514
6.641020883641042	1.218496066351418
3.961653519071099	1.0967702953168885
2.486356821124726	1.2153391973606404
2.7983263251019954	1.1550677713710167
3.203766617221457	1.3091320627209444
3.1295728876470807	1.287503815871156
2.4301857545995014	1.316994930666727
3.434278986104755	1.1492305634385036
6.386266413116067	1.2349202464267959
2.898902235159653	1.1337031263805737
3.5332511936346385	1.2336816472018453
2.457123518913984	1.1349472730092403
5.15678936316748	1.223867582933169
4.544883022814	1.1865855787452317
2.6087006337199967	1.156430838174113
3.9043671413880574	1.301857633876626
4.125214737431161	1.1869238394527863
3.7366542459243806	1.2222426051856936
6.7385724772588365	1.126166869335568
3.088418485014728	1.2271262304770272
5.3882234660986	1.150479316737505
3.7610640739107524	1.1019157611123132
2.580605687490978	1.2281107456782077
6.163589128879026	1.187261733292998
5.867950203213206	1.2700755305274625
3.8512659104799183	1.1365348496254692
5.618745300980182	1.2025035771420547
4.844513487310884	1.1274577020295458
3.0279690723005785	1.212026742928676
2.6084858223339142	1.3164109269270292
4.245111026805697	1.1438337196295432
4.570424393827045	1.0802940798327811
4.236049655424418	1.314771349087433
6.262369117372453	1.2094720802280023
6.669404923187032	1.21594684889049
6.543921297964833	1.2600576879988608
3.5513944037880507	1.106587390831283
5.979411220976824	1.1556824156292775
3.105028085288435	1.1612797496204466
5.02409375449181	1.2780604494704264
4.2438599172344675	1.2254970249522612
3.9587745376089765	1.270840247726295
4.735083861583046	1.0810254062602713
3.460069893637651	1.152811974322662
5.060910524099636	1.1358587961676128
5.690213446394832	1.2251284334394104
5.163122936006703	1.239105954160946
4.426595047781788	1.105834056269991
5.5215075922350305	1.1396438688034842
5.659755670020726	1.2520680004842817
6.530868667630528	1.177197885642877
6.685947697997366	1.1697639726477354
5.44674359374849	1.2314140019313582
5.949340223728367	1.231729737000898
3.1912077326681327	1.238746570906493
2.491207923382588	1.1201657687210016
3.324708141239081	1.095880167548627
2.9563910863821246	1.1437884851361053
5.5654564924031185	1.1781370702516458
5.402885855758923	1.1109857819481248
2.808795607019066	1.1145329378965525
6.365924980106799	1.2512227875543438
3.1595170441492715	1.286167725586799
6.382204588288514	1.2753546396290538
3.512471045755336	1.2390106873216906
2.780175788519822	1.2721171118465242
5.057792780523906	1.1914705254425428
6.133991962762584	1.1036220843588216
4.194077555339636	1.281007099653556
5.405755427750414	1.190156233428748
5.939406172424478	1.281633426456482
3.6495304097189516	1.2890801160549008
3.9196264036409767	1.1134871236569965
3.412814668921275	1.1969348690885862
3.781676193832366	1.1799185936122945
4.8857629472041655	1.1424137371819922
6.733389480493444	1.1315248595390703
5.38964979743315	1.2165359204684933
4.003026960089586	1.11999881417672
6.112913977308216	1.14781288728088
5.260174836593761	1.239117371354674
6.126446613472169	1.2116387752381539
2.397642883823806	1.2634543833366763
4.930328256023246	1.1267730965239382
4.337930765975234	1.2289812430205937
2.8424297013128994	1.1725922159202078
5.0126855658455165	1.1803511004454876
5.286320948547468	1.2231436417300587
3.1977895940934458	1.1548356534246862
5.418877435545873	1.0831479708572456
2.815786417042027	1.253523737665098
3.822346077414873	1.147743957125919
4.859742617971439	1.135473771763625
2.333483639264716	1.2964897149939734
2.6521504038893786	1.1876117271886597
5.724208095639255	1.2857550432404619
2.5980679041855703	1.1075075154843819
3.053261212543801	1.0868700200862202
4.246251644990936	1.2931821500090863
6.328293857564977	1.1840284366091374
4.388909516322737	1.27192592394829
5.99981521849921	1.233664999530665
6.159254580673509	1.0909188854154557
5.665058155597309	1.245268194789333
6.406895960100499	1.1949767884115616
6.501835115409111	1.1260642566119183
5.522637125759532	1.263806964277443
6.745974750050333	1.166923417324908
2.4397579726447427	1.2928059283905078
2.850296478486776	1.2132483385293416
2.447587107012814	1.3140555387163604
5.930931205544325	1.3108268345579375
3.2757010212443207	1.1786062051122972
2.942817991680493	1.2399540877026591
3.0876325981531605	1.0992558362076645
6.461122607993173	1.2290408961486978
3.8944712442333858	1.1154921687887738
2.963118893266876	1.0925300001694263
6.409430385475366	1.1153539621791486
4.743561864032203	1.1219249718595632
5.417900739718535	1.1017310930958397
6.012756371537275	1.2552025814374614
3.4539312662863537	1.1750880359472498
2.772864800818961	1.2624213756796978
6.612313479314698	1.137539865852189
4.2110597350964944	1.2217834387175601
3.0100780705012005	1.2578999410850296
3.9359330626136977	1.104407658993185
2.6225638035287404	1.2145304298410589
3.5305866190527926	1.0807603852340202
6.800234773536597	1.3086823863013377
2.874258203850438	1.309826506146926
4.684507641757815	1.2756839521817167
4.583777386234604	1.20221830215077
4.315775719642882	1.0873142652049526
3.2330246956961464	1.1279372980666307
4.874704453385318	1.1738141705754597
3.859914377126236	1.150814755251729
4.276274495511126	1.2951059803782339
5.335836059856563	1.2075791122844592
6.263985244882788	1.2534127559608312
5.712462613179194	1.157409518756341
2.382264062911088	1.1341806433436554
2.278682022869489	1.2228720438127383
4.143914071973334	1.0849923711292593
5.658348262791838	1.136501476938166
6.342253790258695	1.1616941621642836
4.1792938603074665	1.2835962124492963
2.6189242507144703	1.3144881167648161
3.208619989369889	1.2825399326675413
5.747648026213321	1.1080054139242492
3.0020391559937005	1.2374206830388774
4.787007894276361	1.2252762019383423
5.874576304127967	1.2441827169398318
2.899005965418127	1.1481174433438421
3.131877202113051	1.186689714041436
2.3423055103228783	1.166750796588763
3.4964211931391294	1.3096649608745448
5.7856222461038875	1.3056628813145668
2.6834068313374253	1.283364591218945
6.6679449404571125	1.3120166707738816
3.7322765757088305	1.3041047445331257
2.590965552931437	1.2740669333734245
3.395533053352484	1.2168739406242421
4.446796271513298	1.2564289311846448
3.1667782284900663	1.0890448579795045
4.9493654259437445	1.1709261152949098
5.4493037186811435	1.195319436096009
4.4262189798532	1.1377350679484688
3.6755657741503924	1.1602519886869394
6.759652326214484	1.287447575092335
3.7717540974807067	1.1782319616626156
6.75821089879127	1.1838692393686585
3.579904756352976	1.1988664879264046
4.295754868027046	1.2722048423019077
6.158983860611917	1.1037390347021756
5.516948165286552	1.1514828144782865
6.0096693423388095	1.0872724517161934
4.267578468682942	1.2070795966611496
6.226189609761825	1.2476114064959836
2.668543092192082	1.2470848953460243
4.444196463628183	1.142231733652129
5.2704863912493	1.2170704783888444
6.0208292776829015	1.2140881626379114
2.3309419034359413	1.1632398508893727
5.942804656653783	1.1875185082737727
6.76030345344516	1.097527318410162
4.162522446290848	1.264499544977734
6.174250399767171	1.1782819959908712
5.0777854697529285	1.1435495968930423
4.106885479834972	1.2368370164828333
3.609013956771416	1.2646627219840132
5.6770539026368	1.129644182184467
3.45841939268941	1.258388836092785
6.671485588314015	1.0912807954677322
4.540668932913347	1.2776978645485995
3.4363025407525503	1.086833404214666
4.471450142239954	1.239753603731156
6.437171200879699	1.122239705088836
2.974967584320293	1.0875621275770229
5.772691054667456	1.095838023435931
2.9065785215453293	1.0955246406476333
2.6322996656097595	1.1768882527851965
3.8844295583457797	1.152131526783184
4.0467671705907104	1.1224565087861655
4.523421327201498	1.0955202029860573
5.503948827296555	1.238754656380723
5.78983547100357	1.0853939704656228
4.149200096218152	1.232843070199683
5.843976317058335	1.2619160963049998
5.612992538088353	1.1878480052600433
6.4481604890564315	1.2735667394978973
2.4920287275537394	1.2157002943648663
6.253538965458288	1.2709644504304176
5.4477049674818705	1.2072032416400371
3.0106598273592313	1.091294171517746
6.361879314716217	1.2750822918015434
3.8749921685180686	1.130704463900921
4.582551400916055	1.3151427678564862
4.4162935417832365	1.2753443052340612
5.760493652771603	1.2601602392896636
5.776695313396207	1.1374798393361583
5.437413022718429	1.305067794747247
3.519402000470616	1.254857647393758
3.688377562152816	1.169035830998046
3.0935046850332357	1.1795534292471994
6.54035767533566	1.2868122621627227
3.084404473578982	1.3195649268892202
6.462639408718922	1.0973849276567373
3.38959277391879	1.1991789918640192
3.8756971295529095	1.2678068606666875
5.7384866720308505	1.2472779471234685
4.841636229359067	1.309346691556601
3.4556761123984634	1.2907937065599915
4.047272490952823	1.0830800036252806
6.696388646198578	1.1461468741796006
5.393690963861034	1.3079749134053495
4.191499612538587	1.2275661736131536
3.23295872290007	1.3158062101044643
4.153422408438028	1.1382455251854706
3.4782364906835355	1.2979257012923429
5.625935070251824	1.2352948139114637
4.11596861122212	1.119922753292101
6.191124978481037	1.1768193333601533
6.428288358753469	1.2443150760275434
2.716021759502292	1.2455465585768704
2.9890002937097937	1.1349612508545943
3.4221303217242447	1.2837259452245586
3.080328449692842	1.1154574540313251
4.406315296234405	1.2191726596245327
3.583262341870724	1.2637785060087119
2.4189734564463254	1.0866151630135847
6.262385590618889	1.2136235147731198
6.695884126427941	1.0823070701981767
4.9365351471649355	1.1382246447137152
5.133597021313948	1.27236902141804
4.862150710777184	1.138996681487424
6.657605951286394	1.1577774972052985
6.138345428046821	1.1230952937420215
4.37712909544622	1.1102498227105317
4.390900206547297	1.2673682060663647
5.940793261245632	1.2096750369011944
3.000017701244778	1.211691278455822
3.5429196727658683	1.0879884386508512
2.3180736768021775	1.2240639866200447
4.954892136451143	1.2419403531684554
3.0514023242766237	1.2158571019030555
3.166932162632545	1.209790798450294
5.304779075601081	1.219336921068415
3.921995300106481	1.1053434294422066
2.4385649437081875	1.1449857590913037
6.663804747101971	1.190787501157213
5.340379717672693	1.140119126596529
4.15492943916942	1.1732643800772184
4.3092249143425745	1.2271629942013806
4.434008623630396	1.109106782678402
6.361000211050684	1.2026860278905032
5.8949889677718454	1.2484598611100044
2.2826243457491766	1.247140786961157
4.143403460247348	1.2082397858738188
2.498255934450683	1.108911688454307
5.416398248246841	1.085932912846072
2.9027450289928236	1.2354683185880124
3.1393364746424064	1.2012620499862547
4.868558694563109	1.1572671454972154
2.4131237140316437	1.222642795292366
3.3452936898873	1.22817018788924
3.1628314503989365	1.3134128686394868
3.0661178419733868	1.2164256303732515
4.930023541216254	1.1041147255712407
2.274145784485562	1.0855463717487561
3.574967161370318	1.1817896838623212
3.875034844117539	1.2180945025523184
6.001013182737376	1.2679716845961644
3.2357654495528534	1.1884722443622642
4.927985429158802	1.215531316532357
3.974172358765162	1.1359359244505536
3.486797665736894	1.0807943487830773
4.834905059031962	1.169596271779788
3.2702478031299353	1.1846235069559286
3.7425534743258977	1.1543805145665027
5.737020239791745	1.3014052331546684
4.443596758817606	1.2990509033361224
4.731109265603285	1.3179534196786131
5.524583927253948	1.232602036885141
3.24337262456186	1.135476235635439
6.248198713264243	1.1525889176879656
6.693335045522399	1.319522443922149
6.599753178981956	1.1695259811139973
6.726753294226186	1.2696863417685218
5.874025492598928	1.143069789627852
5.763518691289314	1.24157526171191
4.175254073482377	1.2984280421204555
5.228126104808228	1.1312171330890397
6.3919555957810275	1.0926479700069
4.748054693536693	1.082216704958088
3.3529904519770932	1.264639434958895
2.339477347740365	1.207720361931532
5.746401221452072	1.0980231610152889
6.099576242263781	1.0830119580821702
6.17288302840794	1.1175295431282732
5.12509162097216	1.3088256182446285
2.323351240901773	1.0992321188366263
4.537727759225843	1.2900185373464905
5.25252054841131	1.1798517813643692
3.5757522222322606	1.124472011209729
2.5952255000744358	1.2738048879813766
2.5099265688751755	1.2029613563302746
3.250720205793084	1.2333640424958148
3.8718684587927212	1.2497540635828375
4.266043835564785	1.1961346488818492
3.0262821872137247	1.189538328878121
4.549868373430984	1.3104014786771259
6.381333975031634	1.092591721432892
4.3263837237508405	1.1804121371084217
4.0254069849167635	1.2205049256322662
3.023825769413088	1.1649518506393328
5.810134365996566	1.175929375638732
5.5724559113481575	1.2735634127148778
4.510350907956229	1.1941262522824392
6.444574251929927	1.1990578067613025
2.877731908787919	1.2793975882319566
5.08286779633598	1.2120045846219833
6.629315033843126	1.1862529448912336
5.20161436553683	1.1462344106404614
6.448549069362434	1.3151560953939354
6.765345650644237	1.2824758154759133
2.9989613429629953	1.2912271229844225
5.460429668841555	1.149081118796115
2.350763046003884	1.3162632901815061
6.101685937608263	1.274667392362606
6.505192661219882	1.1194783367228334
4.025506563462678	1.1134838750482234
4.122653392256068	1.2152445287713238
4.062441931518169	1.0807849394165783
6.7705102756318265	1.1761581819156113
2.4348133414182866	1.1332050484562517
5.994058642870055	1.2467975347414562
3.535077243408579	1.2826775258548282
2.7599931437456573	1.1028810941746983
5.737362537516754	1.225560014261758
6.455655070746088	1.1912021219920719
6.6605526511331075	1.1870253933813408
5.614740581428735	1.1113590074171251
3.974653073277178	1.1509154634561436
3.3673514877164505	1.2722196243853225
5.9040436553028055	1.1998000533259725
6.761689426256945	1.3158763318198874
2.8464300513634546	1.0875617168970995
4.418291686722386	1.1503552166526285
4.543013160014492	1.2512614064984442
4.7437315432394165	1.2997283779867135
3.215746198515447	1.0911433034051374
4.633114574512714	1.1992307531412982
4.4194165522318976	1.0928874370342816
4.315498211915928	1.1821717953913482
6.061531743490157	1.1547873227542926
2.9251063455495547	1.1637937967217666
6.185878990268282	1.1731877342647803
5.730306380697009	1.1115222533633669
6.299663065581499	1.3151856800825126
3.1405695625929506	1.1819793776354208
5.685840345086563	1.2566786932232927
6.51039470071105	1.2111458879737549
4.255250702563898	1.2002753605464473
5.260978620443881	1.2603409566737878
5.0565181829401435	1.165530638725298
6.386036463984719	1.2128889160994012
3.670173099703807	1.1429958381375107
4.4060390319661025	1.2299604147807806
2.4827539017720026	1.1535884654676645
3.191463267952768	1.1461457555750236
3.8849075118430347	1.188213072411884
6.67424666241897	1.2563315660134655
5.7596613514970425	1.1754320682456627
4.75026547259951	1.1660889043066023
6.592780102075815	1.2746728768509168
5.3170953447051446	1.1065932009575326
5.478712919419497	1.12127877709272
6.762614479973481	1.2079474784528696
6.2544262107886635	1.1222236009487463
2.3507653716516486	1.2007656354769976
5.454651695865147	1.2403412326232213
4.7351074187632545	1.1608286121546354
4.537882159124594	1.2037341345859112
5.315797201626063	1.1978665587526638
5.896575082176032	1.1542584821179922
3.7935788813706335	1.1762988472929254
5.555607599442753	1.159738212391979
3.5274521786922337	1.1778694004420112
3.638062182809576	1.1047638798653547
4.611348050446686	1.23308060493673
3.002547888893583	1.1378682495512407
2.6941573223337354	1.2576782763101806
4.789637936413213	1.2999798298059104
4.71097205082878	1.2696084589225156
6.437517439955372	1.234230344469952
3.7979368641880074	1.2553175647738521
4.361115919444765	1.2107974713313163
3.1228859941363973	1.224016853679391
4.348455487362482	1.2235485476488317
5.824636742611455	1.166016764819518
4.997039547978305	1.1674754412821258
5.722384125466128	1.2547889778656038
5.43864617417826	1.1730355297221862
4.8655122162487245	1.1405996014854223
5.180671943865399	1.2613623556128122
2.4686125870858127	1.1813478298142743
4.509477071013972	1.186263974194315
4.235072368108056	1.167578186883306
4.917577350400694	1.1976554707993556
6.29653797454667	1.1201065196513689
3.0729653053432364	1.2098064616782926
3.6209782258815606	1.207869423747568
2.7861214389125553	1.259101715780944
3.3980781668139324	1.3029581145298086
4.467540483787888	1.116713816169457
5.339541730254261	1.298691573838279
5.846525806871966	1.085103272764221
4.639873567772774	1.2382375823828429
2.3906253188741506	1.3042347292005552
6.283708026629526	1.135144830872292
4.920062916715167	1.2651921740786976
4.651941732878201	1.3041373908721394
6.612510963941608	1.2341766893437551
5.956917120730462	1.0965853432086037
5.398522857963008	1.283166448967282
6.089143469413273	1.2716736570887754
6.4633237141537805	1.2742620264989077
3.9605755459280676	1.232709288932804
3.385100992462994	1.296396763239443
5.5080481202562686	1.2597696818387292
3.994820818756433	1.2728132290148146
6.3130211974180765	1.3027450074972708
3.2306139589993808	1.3190435687441027
5.4409699463239765	1.3068425506998445
3.6478738500595638	1.197657118411529
4.238767085099112	1.1643505777740464
3.359163891846131	1.168413621613626
2.3677672814401345	1.2355118581452222
5.0406770776657925	1.1156457637151713
6.407139845423781	1.2279815457278425
5.076955705127631	1.1548087733844017
3.3172546711247044	1.302997168451899
3.6168956095060674	1.0936249057669687
2.4545377328609135	1.1039898302928437
6.036699585684223	1.316941414330834
4.678062757001138	1.296362203879926
3.5098309620634014	1.1493616275647944
4.614080491226219	1.1039125368510048
4.451490921952402	1.2902896522547178
5.956467431236021	1.2399006981550964
6.253954726456236	1.1398074754869718
3.4026742042095175	1.181343912772403
5.450251011958576	1.0918892535121527
2.729510519094666	1.261958213418877
3.415077012919787	1.2321422310309051
5.894294702284283	1.1395668571565907
2.396988496572529	1.1468084451325833
6.741300899966293	1.1605980089722632
6.80330781018024	1.1371832829248885
3.935260087787888	1.29416852430909
4.23232742261882	1.2064716956434225
5.134923008098756	1.186035128556556
5.254354772072215	1.1968037802536466
2.6711400176509787	1.2636854203999104
5.142666115570501	1.2810356287923788
2.354255073734913	1.188652562986376
2.6313984736001914	1.229520811456783
3.071731045755997	1.260643532580264
4.041689412605824	1.095558992967188
4.295384993285593	1.295998342378845
6.590786751399898	1.2908162918782413
6.215672382602017	1.2318260394077036
4.107126673155919	1.1640572277233208
3.1335351377336407	1.2927203920194714
5.236779472626626	1.2663113419801826
3.394598136810292	1.2592059366901929
2.81020587546823	1.2282153343030215
4.05031545210372	1.315804894164037
5.028613688371891	1.2078752563572395
4.638767446836677	1.2687796405517686
5.879650876700608	1.0907168741984274
6.30418145392463	1.1352609489984473
3.6817673359403242	1.2934986432600408
6.630591683814898	1.170977035349367
5.438100032198864	1.2870916871222124
5.895237167929336	1.087201339216573
6.738839654673263	1.1688777804122743
2.637280211349454	1.080049299753109
2.293024717660901	1.1847969612352243
2.334861492275454	1.2223715271572382
4.557907905320173	1.2898682527541383
4.783524868386765	1.2245125235284737
3.1132555164756806	1.3041566032804028
6.166866093809185	1.3149144500996786
3.0558546240305757	1.2320909902159043
6.507848996696046	1.2171360631194845
6.248630181795343	1.100733276107
2.390423364543226	1.293447461936865
3.893807045952782	1.2827493756995931
2.4194955418015116	1.1663485877802184
5.831756498879529	1.1479564734030911
3.8726345059597644	1.2721289358678376
4.689486802791201	1.243956479161817
5.551796486501409	1.2301833274502483
6.044617822691132	1.1164532765524844
5.905399475509795	1.2330161182799722
4.287634516411696	1.2913314591506357
3.498515160841725	1.1843995191367827
4.840548084766594	1.2504429699321264
5.424081574343573	1.0843453422485596
4.956270765486924	1.1268270827947036
5.131402926778759	1.1292927412787905
4.6680413267488285	1.1370355551680906
4.7838728279001685	1.0957983427940434
6.773765685496804	1.2168864808053377
6.60157649472151	1.2392490313552655
2.568568103266029	1.140993964822027
2.6108110719369866	1.1333655647824612
6.487714721463771	1.2325624854059114
5.441108011663427	1.2029903489661984
4.215628362741402	1.2185844640346863
5.926650524024799	1.153677353918898
2.5978007322295675	1.2839129501441164
6.096791542539849	1.0942571203732028
2.6718232919962204	1.308485056474681
3.9231050171516064	1.3127466925912084
6.395737558678114	1.2262381717624014
4.596814486287794	1.1778277919930253
5.7973618672580365	1.1413742833351797
4.614527278136006	1.1694095178131618
3.900064105448301	1.2782978615685832
2.51806548175177	1.2187061010592233
4.580790338817236	1.136237031560327
5.963991513162991	1.3136059777691131
5.294028284679189	1.2533168953124512
5.569167641048442	1.3158423297500133
2.631901900657833	1.1309527989307817
2.8764301817675717	1.1269871294222849
4.0831003809245345	1.2916327794370073
5.893678310791115	1.2336292233242032
5.446342021450636	1.1409210884528165
3.093163624988996	1.1861121281181355
3.9998196046647507	1.3138769032036164
4.920324868812532	1.1077082658119344
2.7569575230614953	1.2418462858618764
5.515068043312258	1.2968737202502874
6.371542050227016	1.316243708044241
6.678009077916134	1.276717297479498
3.5203746362070047	1.2096225426418745
2.2849808060845858	1.300363786822777
3.4876414426743914	1.228418984019764
6.543235926132099	1.2904504649573456
5.210324341978	1.3120712473413607
3.123359947733375	1.1718175328193852
6.619193519930429	1.1814389830733099
6.204064063535283	1.2798433419082176
5.3033309821746535	1.295784590156718
4.860324775804422	1.2886726361201521
4.921821494142238	1.2577054099470129
4.950522022938902	1.1741966312751713
2.363332542442808	1.1298729890920793
5.662324074822407	1.204680286779396
4.658002715531662	1.2458836494284369
2.7878582628652238	1.1487852744253928
4.6132139392463065	1.0911721351480794
2.6384459643076577	1.2677214531339054
5.905319939867163	1.1986399041274374
4.493324923029874	1.191058754021409
6.7669940192968365	1.3048321546288988
5.24771533447165	1.2401898605682022
5.920253520070579	1.3061685036087103
5.931940842162115	1.1443056114481804
4.811517609313704	1.2666627968980775
5.237981320456061	1.305170372580821
2.746288301139792	1.2435923099502613
3.2624830281845827	1.2100511304026682
5.413466261383839	1.195121282632479
6.76227061605785	1.277283365185597
5.387931501199409	1.0851334262325467
3.5332171582275587	1.1700100351995104
5.909159053158334	1.132939558830823
5.412675763423314	1.2588805584575777
3.3292154858112344	1.294619334816787
6.778929404081855	1.1961162414513855
6.649683339535162	1.2210730075927336
5.352113101315908	1.0995529797102013
5.040121491795258	1.2636176933171255
3.352172382031725	1.2171413305204755
5.7540452524182975	1.1600144553867466
5.136841722967784	1.2476346381835193
6.7632911623833465	1.165601922125997
4.198763787162921	1.2267846217926275
6.0739044383974266	1.1568951875680584
6.201612883232743	1.2327716092592993
4.63177219513385	1.3101512472338483
3.6940138054162626	1.2482979584063263
2.6837538711534403	1.2216160454535023
3.9275729662921908	1.1262403156573007
5.952159428362515	1.2149048070187578
4.882094126092347	1.217129276980715
2.5907292340315142	1.3149790460699446
4.9191108479005745	1.3050636153803286
4.016429405335825	1.204327013347085
6.5698225646100505	1.217240875038965
2.7944967738734796	1.2648452210426206
6.502803982341117	1.1827958219486443
5.5936131889049605	1.1350999758815277
3.4131907416417926	1.2186629691561444
6.1184905868356765	1.1716009835493104
3.5736764844182423	1.2842009264567378
4.121240361994946	1.1848226220886893
4.425664844959291	1.2712593692113117
2.9412644151989737	1.2944386869185613
5.153304688509879	1.2903611539316082
3.329165864904052	1.30458811316226
5.945708117008976	1.2214168556461087
3.3050200911585925	1.1833228722209512
5.192972775818367	1.304200583131088
5.795672792776681	1.2634826251926081
2.9872975038310274	1.114474145282898
5.130698621481894	1.2430954626082378
5.778005748595641	1.2902307441205934
6.298056047976153	1.2243509948651188
5.393591104562723	1.1701391395603424
3.65642633983358	1.303811219531938
6.238940978793101	1.2799425326847829
2.6097422432054382	1.157350607778403
5.469089275915578	1.1395294159413398
6.655751139433833	1.172745184704938
4.3402085037694285	1.145986056452837
2.577167051571372	1.2864570689456214
4.977637694906616	1.2581767096838397
6.691319331247848	1.2517126300366592
4.047280163258044	1.2658661242849019
4.399682473256572	1.0819645753714626
6.044272322735221	1.1605563554077478
5.079469834749716	1.293398221700694
5.579198121590278	1.0992860640787803
3.3984303685159905	1.0917235087142643
4.928504059322032	1.2909760336371514
6.525224294200426	1.265112489320139
5.876928789425456	1.1479475784524378
5.775025309827624	1.3110888836199823
5.756606980275615	1.291599300503521
6.356845909657448	1.1807205786024193
6.418076614056942	1.2362410876481182
3.365251534184271	1.168641591521824
3.108724708097573	1.1925117096725615
4.266353904710926	1.1833827178241345
5.919391180918721	1.2372055797115349
2.499242150366574	1.1882209451966332
3.0763301615690235	1.1450850871576264
6.33498984250967	1.1802435542305818
2.9569158272512355	1.1977931050808495
2.9322453003073625	1.2928932607539283
2.3413569539275847	1.207637976871698
2.4784116793642	1.239701258530119
5.747738997934385	1.1126841921208732
6.190642427708657	1.2465090201314983
6.07682608602225	1.2555874846933894
3.784479547458678	1.2786252629440829
5.80339091292073	1.2525215624705217
3.2632856438670768	1.2567366217935354
2.3443671086131923	1.211827231433173
6.513168494080658	1.153872402439282
3.968691221495848	1.2198483379659388
6.344184751852316	1.212551443168408
3.257605884323414	1.297865205581239
6.372100114392516	1.2768419211389763
3.6107841109448566	1.253888637900903
5.632679863768564	1.1880032456671417
2.9031534071086065	1.3079347430280257
4.167351354908401	1.1561246506037535
3.5434090813354064	1.1234862967798904
2.9839762582159546	1.242806525875813
3.048676768029358	1.3098299713018065
3.2263023296502875	1.0989832138590552
6.513525338688554	1.302457181707494
4.817685464768157	1.2021684168625526
2.801526309602015	1.0927785611004566
4.9902553874365285	1.1991915533557214
3.97764796567112	1.2630323318550236
5.826108123456705	1.2305176716094066
6.048691499308683	1.236131882938565
4.725718970513914	1.1584835924791852
3.626494671285921	1.3051426023155452
5.496832442023711	1.2012027656218305
2.6096237884198334	1.0811143732044834
6.347115710575343	1.11226061094418
4.312508621458609	1.3157993246201987
4.879756015607249	1.1353547911882844
5.372353989680946	1.179831421377098
2.8340416528862926	1.2820698682989349
6.736684896655608	1.276998101404109
4.116857430776045	1.3130465298794243
6.792068355612936	1.2663105620745685
2.8972909860155993	1.3094905987247276
6.744865235756808	1.2656981185621905
4.296418333809145	1.3116478058841263
5.1054281163497555	1.1623088345961292
3.070459369560615	1.2699238485371194
2.722550146774888	1.2150253097655064
4.912717823870972	1.2851402063782098
4.555687458291184	1.2553041468465882
5.919256042158495	1.2864426865558494
3.242886787775432	1.154887258658821
5.327126146438605	1.1457203380214325
5.108348422548829	1.1459739013597257
4.678537422981808	1.1137879381242861
6.796457402558951	1.198679920605878
5.752128854166305	1.29475077340674
5.933774645250391	1.164898220279316
2.7642660292761305	1.2614545148400427
3.2200540996531117	1.1476814859168387
2.54402425473151	1.0803240597452624
5.373240596343178	1.1834028247180903
6.673936224963203	1.245051693503262
4.039453044773857	1.111143991238336
4.204249742692614	1.2642647098174253
6.150813028052462	1.131242742343226
6.380495746359143	1.1761968143857795
4.148430121116383	1.0888796098110514
3.3162318153415864	1.1469150088987679
3.0999079241154406	1.1543633557811894
5.629568450041587	1.098313171736247
2.2933777254008447	1.1451864353805143
2.4998413041397716	1.1965934081582323
4.577254167657264	1.1708971056293211
5.318353918065384	1.229464754293907
4.87371074310805	1.2211911071577262
6.514576410061146	1.119904107651505
6.7461481114167965	1.3076688922543156
3.7429576909766	1.0946006143769604
6.0392084704033735	1.140949837523041
4.8632808357540735	1.0824273184185491
4.04147300075964	1.162714183292949
3.8035374262844828	1.114482211102723
5.645306163577718	1.2562883868945458
3.989420171038499	1.1022462954577228
3.813939189211025	1.2387950253593492
2.9512935896876114	1.2928872027863927
4.187075303505569	1.2685639577658918
3.2911828909135856	1.2455915434169211
5.441781037592532	1.2333144322414584
5.54658746705264	1.2066016026945936
6.792148957712437	1.2202366785141776
3.474818129870394	1.2093902657038504
6.741674124233232	1.196830018931553
2.5363124891884152	1.1652385299502896
5.808808213913096	1.1733878550876637
6.571795362353247	1.2298785498731513
3.6776117631981387	1.2883959493183297
2.4639191314208	1.3171264036315289
4.130854306837029	1.1942169601770005
2.782902815581283	1.1879959129621174
6.252573095830318	1.1386579698614288
3.0210283739918125	1.1106301011695106
4.591803107144948	1.1736669482360274
2.6597138784394003	1.1393611195528461
3.7838294229250744	1.1249600826559307
6.426937313561545	1.2377254613660458
3.183704375468469	1.20194822588665
2.381741090710111	1.2217092796844577
4.960591242504141	1.1484280541339187
2.5417743050307866	1.2726084117729082
4.0468974845343375	1.096764426137996
5.57425684859352	1.1568789838343727
6.708401140641599	1.2765856666216244
3.782719753575806	1.166040781335395
5.503215335114335	1.1745867216919765
2.639945147492103	1.30075390792784
4.70849826111727	1.2153819689664243
4.73184616753799	1.217382583936746
4.971939278714599	1.1910314647243485
4.181111829530667	1.308286151979001
2.9231630303315805	1.255305841932703
3.5953325107019287	1.098084535338107
5.885343946240765	1.1372493842867026
5.1271883275966115	1.1375594216411553
6.209975584470451	1.1356922546816437
4.258426560472677	1.1966654251716173
2.9665360621958023	1.2973098917879433
6.489307586574408	1.0903408332442963
3.129296930058786	1.275719506286226
3.7756027970167274	1.2496921454200949
3.3071882078335175	1.1419865037494847
6.191120312708016	1.246289540742501
5.931163203972119	1.0956463933723524
4.1424392506930285	1.2008578189577974
2.913994395498799	1.2119556489857148
2.9077594030518497	1.094005667520571
5.1134263216810165	1.2723196904919443
4.0987897551003805	1.1862704709622742
2.9175266846270995	1.0988278090208443
2.6467555643774636	1.1797873678740514
2.504491966284507	1.254595774263208
6.602786885101368	1.2844962835484295
3.125827819068271	1.302790637646864
6.335582601052323	1.2884932494666734
4.9216746619721246	1.1304885916513352
5.063849659714821	1.247020442407054
4.963695469601424	1.1559108347681755
6.62926696363028	1.2187826610212718
2.3960780623557922	1.2513119744838417
3.6823813466430186	1.251804076158762
4.7910893661694285	1.1819845485496647
3.1817147726926764	1.3052027949211624
4.919393350670702	1.1405699665981988
5.625313004976186	1.1418906143311545
3.251589044827782	1.1389208421760095
5.534459361881067	1.1938288120664424
5.490148243095625	1.1326596815526326
2.377641524047375	1.2714329137793183
2.5223500284319726	1.137200621684826
5.818763344421491	1.1588837331400184
4.108070032304074	1.2080734645852957
4.045707168858998	1.21752311292132
3.599155268707819	1.27718200067673
5.179805990572535	1.1540439727878802
5.449507340778817	1.2745821712319183
4.928851190581305	1.1020056810526815
6.360342037345777	1.1880096395417357
6.099876280849407	1.1238344350309801
4.244287814310962	1.0907512273432
2.558387032631601	1.0837241488236316
4.520582789154302	1.140864570072628
4.536495244680334	1.2757195382220226
6.066061469502344	1.15474741994916
5.663875369570055	1.1196107717308765
3.1747408344689694	1.2936732525258337
2.911501174199091	1.0926354278779014
3.052868782524194	1.2541124309139835
2.4037989838040703	1.0805838581079823
3.3796178343174725	1.285427097237947
5.314422675703854	1.142520111952361
6.3575548826917085	1.1846549353574678
5.030350977303442	1.19447579302904
6.095099949703204	1.2003122172286695
6.690826774352024	1.165172565539212
6.72276967112272	1.180071500712674
6.3954806042226595	1.1404490298633894
5.4170151694615924	1.2982323576505568
3.6214673007223372	1.1444612590593175
4.904969853045591	1.2269764897663917
6.682486105951109	1.2280922456891967
3.2685008650862937	1.0966913287334235
3.7158494359320633	1.094049667358667
3.7509383337297475	1.180939718274336
6.710163980505781	1.12101334698898
3.6776806637055413	1.260450437920733
2.7114728474451337	1.0884087022145537
5.8891226278635616	1.120437659613815
6.776293051535681	1.2457204744820114
4.286499995997538	1.3103131191006765
6.625066552494921	1.2198639739545674
4.916349003021219	1.0835273717487264
6.802785452173745	1.0811760135414596
4.608031839047509	1.2245727676041516
4.162351546399077	1.214465946905648
3.0588293342188115	1.2585221081529938
4.469615492865271	1.093324317217912
2.2893453193400872	1.1268505823179689
2.6933764280139836	1.1684565654173773
3.736463479466417	1.2521186923413592
2.8154197280271447	1.319758832293679
3.022299388955135	1.2863612661581776
4.39078014310163	1.29322465814421
3.254380613195272	1.1877213984890507
4.076031551259428	1.2214683617971216
2.357659333782883	1.271129261960386
4.573026213059636	1.2600225558782001
3.571219734140712	1.176290261949599
4.024248192230798	1.319777891048828
4.404824033720862	1.2146238476197753
3.8323462417398897	1.205634601787802
2.3653450209587867	1.273932891444244
6.367999069072861	1.159881713336161
6.036132174991321	1.2853891354770262
3.7006849889519726	1.3059222543911977
5.55927127202984	1.3159494063008923
2.3248155358247473	1.2579098394442512
5.375192125886997	1.2193339594189538
3.379582179649194	1.2978614800351083
6.353051096792917	1.187522209628276
4.892977878096426	1.25676736830117
5.688892593714785	1.1935563916221994
2.5836743824085566	1.0822077543199498
4.288862527486747	1.1701765293911899
5.6577590050810365	1.231760156827767
5.897336166933039	1.295983397779738
3.108842853969029	1.28263181366231
5.50733963054397	1.3154506614563348
2.9855282489920194	1.1055896001574432
6.785663115755457	1.2893740271277114
5.0284248081077125	1.228510387521605
4.75556455064572	1.144894382257925
4.027897970588348	1.2948426640227266
3.488974257294221	1.1938044898624525
5.840434247165383	1.230989759427672
4.267801881495206	1.2963086724760253
3.828832127997571	1.117864808746261
2.763348256960934	1.0903004701161947
3.7992070578610453	1.0916976890585794
5.850267626493001	1.2673397596081994
3.7323255733334224	1.0803219146183454
5.005542894597422	1.207012780488828
3.902283383868509	1.3138822535771386
6.602581224535609	1.1716416387463404
4.704300450833534	1.2119292239453179
2.414963589752202	1.269561998437711
6.208732996634484	1.1501470698842198
6.1153689533309095	1.294212989018029
3.148263205163752	1.1350272960121741
2.844883418535181	1.1757943247909595
2.914872221676078	1.081418513109192
3.050186486694853	1.2987518689504316
3.3196542621447156	1.2859838752127908
2.8346131501247465	1.133584870948237
2.666288534096328	1.190942892232643
2.969417377966314	1.1953542761059783
5.822369952803937	1.2879604205938646
2.3187659876813647	1.2687895586452957
5.912439588712537	1.1264958917168142
6.70987599583407	1.2305838667529285
3.7792901943679116	1.128078010183992
6.11736636830652	1.1547113051407052
2.740119158052687	1.299947073740062
2.6083602294374773	1.248905434756547
5.945017756472133	1.2607237123236137
3.8001764612911137	1.1642696284779568
5.220371735095085	1.2736747702142137
4.694716588526754	1.2348500191874612
3.1487492890626267	1.2435867544940238
3.2103183380198144	1.1452232923810703
2.664444903049645	1.1399430169387639
4.388277455585073	1.2698616690963045
3.4337843681852216	1.315864532848361
6.397584345423088	1.109376789778982
5.365383926424921	1.313147056445149
5.028675775288962	1.1925542894798453
4.68720146270686	1.223880743107761
2.304089699596556	1.165315303085653
5.401086664567872	1.1866414538948544
5.233572440835925	1.141177231418896
3.935897650569645	1.1475856189194302
4.2703757013813926	1.192501267280757
3.0499557222272573	1.1400341048459102
4.30009681950602	1.2806091789898821
6.67936021577331	1.1499855133138235
5.388345468340815	1.114507715073951
5.848724678055824	1.2792834198719445
5.935307570468053	1.1302169875387258
5.777173135334824	1.2562941801598493
3.2493785629241123	1.2650515208529003
4.1065909210475935	1.305207569762268
4.9849609846457605	1.0867974859983711
6.474756530013202	1.212043190158422
6.252865610319701	1.2467975766224695
3.361538290369129	1.1532992578330687
4.034895875263448	1.2248266428885302
3.918749429291757	1.16982024331324
5.832812186469487	1.3004926874233993
4.028270800257085	1.2874194890256276
3.725171742061611	1.2856258467132877
5.720544801791083	1.0865085438106408
4.590073672871689	1.1531218037638056
2.8672956512292904	1.0885164741292919
6.387048669120667	1.2049395861702714
3.5673392166900046	1.1344198117684274
4.614724635962169	1.1804758531468507
2.757491782825235	1.1643886871376972
2.9602919545583553	1.2045454503367694
4.417297843122949	1.1001048093705392
5.951116006808825	1.1443857052238036
3.3821605875127503	1.2288400430472604
4.180377780093115	1.1939007701009525
3.268456626778772	1.2134751155073364
6.115434484317752	1.2492382022656472
3.1417053371249093	1.2452217353309525
5.048415741765934	1.24385584248046
4.630908254148073	1.2828194026748168
6.261323191701596	1.233708437177814
2.8070547985513103	1.2417679607861074
3.7693855550832804	1.112730720981061
5.688490023473204	1.130570769024846
5.998245551448743	1.1736409287779204
5.6362638660734685	1.2663015728352158
6.197253256441044	1.2017915771654921
3.5475301344838925	1.252798894041646
2.7960522496693687	1.1639968410541726
4.101878726071744	1.239673806755336
6.672295824190877	1.318877962854452
5.053652714305237	1.110042034725426
2.4696953184870347	1.0930372824053483
4.993811664439578	1.1529867199235864
4.123077020364619	1.2554971359365044
2.6371745723760527	1.149470404008172
6.411462554753744	1.0821723723749774
4.6243243020567455	1.3153376499345768
4.041617463662265	1.2147328476633823
5.942280215331062	1.0836259155545587
5.487077253082841	1.238335335837153
2.4816108549198916	1.2127951549565388
3.1377783704397717	1.1112200223035438
2.410245002773651	1.088398467189604
2.905470106610279	1.1812876956056937
3.9083656899298456	1.2706995992929837
3.4892935402085112	1.2307395059287412
3.2448538718523587	1.251951226654839
3.5862182735105197	1.0906430713517308
3.05921742435645	1.1140815929638892
3.0390259395721975	1.2053478274946967
3.0695734426318615	1.201127624526175
5.7098376495147045	1.163854541731467
4.434546681102547	1.2549505993745282
3.262848295874912	1.1015995499279854
5.750149105358279	1.301105399868529
4.597077044389483	1.241856715879498
2.8961614742309205	1.1155674891128693
5.548353519407577	1.2907598647167258
2.8245881374396262	1.13555422725517
2.7641767804526984	1.088526421505854
5.249298902004361	1.230059446578772
3.071071543317074	1.1862557718486522
6.46436348607275	1.2986498662824197
3.6395062902810094	1.2997036791999002
5.756493502060206	1.2635054704709063
5.901271320297463	1.282540938879146
3.2070143344861344	1.3130424019858118
6.052430200236169	1.0942052282298382
3.5759390327201155	1.2823148732254288
4.67362653170327	1.228095170698664
5.3421812747680075	1.1663124437314114
4.559720221006336	1.0882314731958715
6.112041855800683	1.2522766391525828
2.6962507533313294	1.102846227117321
3.7223282777564233	1.2870152560460324
3.7850883767088233	1.08259087221765
4.612695008176463	1.2869130400468534
2.3761012095251877	1.3066937449243188
4.913426676535553	1.234197331281851
6.482164058970911	1.2189245451078738
2.8703601527026326	1.1812009650571627
3.7365812714281397	1.2648866014651117
6.790206651660328	1.2779431831803636
4.7263700821587324	1.251864624163745
5.23386386066346	1.1108042426370917
2.655286237514959	1.23604569880866
6.256741020639701	1.2929280572077282
5.0090189656531905	1.3188401171339885
2.440650957281289	1.0991587053278384
3.863547869750332	1.1057419680249152
4.270015556458349	1.1947154612560917
5.11125542912079	1.186920873225013
6.085472473040163	1.295685076663847
6.458289888724802	1.1564104666444877
4.683677697403874	1.2180584384215827
2.4110557130161654	1.2712665244772785
4.296880202158055	1.319810010160516
5.005438991855934	1.1031327783706066
4.581010567696796	1.2706168708639165
6.078134300567177	1.1747629196908362
5.676464102558963	1.1619976632423328
4.560466598208064	1.2765664768847074
4.295014667137953	1.2951485152237296
5.578726411039559	1.2293944683314824
3.3105799699621365	1.2005712399262836
3.885454101466895	1.1941592539975592
6.672542594343399	1.1493681346270963
3.605846486077756	1.1657837760515566
6.6041028288846775	1.1252595782758656
2.3539924328242225	1.0882168209196332
5.11702171637711	1.118268326587103
3.82370460690782	1.2741004408272685
4.923431741421245	1.2941230493845237
3.886325739300913	1.2740779507676134
6.292386212748927	1.154729600930944
6.393958035151478	1.2433592679878824
4.054308653257347	1.2085580570108387
3.4291679119667933	1.3014122776898724
3.575968794624761	1.1472522011250401
4.42982509461562	1.2986530121016353
6.163662046382948	1.2155757230497484
5.086093544481271	1.2861354555923672
5.6529693161116965	1.1571703423333424
5.567013575651361	1.1965882747887067
4.091431765900838	1.2738581127349535
3.6836732383265502	1.160709318539526
5.247558036143424	1.105569630038797
3.7734127576492282	1.1278995517499528
5.064060375048081	1.2058489921441362
3.843623000795714	1.3119840383542183
3.5854098963673606	1.1677704608861286
4.37941822076095	1.274010863039131
3.1175070805559235	1.2752629444506545
3.397625216119293	1.1130131635881928
4.467192052602453	1.281564488731719
6.524989927884011	1.1310956405873476
2.3612998875177555	1.3161939828397913
3.8931473554780105	1.3121177854146049
3.9186147751732467	1.1700432478741014
6.266023031030073	1.1546622953435424
3.6252944213679887	1.1259904313008238
6.066860639446251	1.285965733861552
4.368919426055067	1.241734274612322
3.514141059999405	1.1938641032864459
4.537277012453403	1.1772551336489192
2.8817930647064744	1.2864030924172147
4.383693014259837	1.1912731720886598
4.787129948045078	1.207716874975988
3.038708950903628	1.3052434639336632
2.4797291292808343	1.2338108112713868
4.06647341672643	1.1612773759644868
5.444788865155034	1.1296362877195896
4.380470368426486	1.0981753507850593
3.2253363122655605	1.1979062357116501
4.7305834147808845	1.0973014345298118
3.599728645174885	1.2741269620300633
6.570437488541383	1.3191186130349106
4.035109852368635	1.2839320132715852
4.258528480431109	1.2082496302720693
4.466097649005218	1.1932614328400157
2.722284794088333	1.2557770093284535
4.485247863232727	1.2304617465960475
2.409574855475794	1.1315411066219356
2.2911695959615344	1.161252161877719
4.472628341267158	1.1960747734443342
6.105799868001844	1.131334168170251
5.965353275104131	1.1423128363301183
4.082038886558706	1.2094209345467184
2.3288288969192172	1.2982915152633576
5.693415750643221	1.2652293739808829
6.320744141647552	1.2111976835962304
2.505782320073096	1.3147828586839703
5.861914227263622	1.2678197098688273
5.897992819784729	1.1758071620587263
3.131250435654127	1.1075924513910267
3.382790142955631	1.274386347992052
5.282069773963103	1.2620860249250754
3.531442645042489	1.2585316346817002
3.708099491279773	1.1552504773765682
6.767815139993673	1.2386714387359654
5.084919910358222	1.1466843024111693
2.7873918466160115	1.094753139581902
4.312615660071954	1.3096600500650177
2.669745873340172	1.1890747356754188
3.9978519455039665	1.2817145999136188
2.5693747883505726	1.2735364411358014
3.144994625716253	1.0958154958338275
4.790427739070175	1.2493698590991036
3.0343303216139703	1.202948497664564
5.414744634823084	1.2040299152309835
2.9645389920179586	1.2755906546191509
6.210915349283278	1.1742529672092346
6.614985958841068	1.303905837973638
6.515377646225897	1.3117265703479581
2.70154001595884	1.2873541146919467
3.173618348758827	1.3009703824236785
2.3433591596270293	1.2336691366953534
5.328486638904048	1.08997593242274
3.9302473380350538	1.1969671401518591
3.7871376079288934	1.2263943823187793
6.069974372675729	1.090045979221364
3.5720045366629467	1.1414851510448274
5.14619774783891	1.2741525841895331
5.292043475797525	1.3091411103886998
3.007612703940443	1.1133819574355341
5.917401208972406	1.1232312588649658
6.245488387310653	1.2021141385381706
6.532222513126374	1.2446605059818348
6.636640592646034	1.1338463698567545
4.739357375778953	1.2511558549505046
2.496662415798979	1.170986330309263
4.5628323185346895	1.2216858820312662
2.3683859688987936	1.309588171804593
2.7565242490560595	1.1834986996315349
2.4266751582687816	1.2273445914011678
2.6476548357440404	1.2583758654547705
2.4362567952469893	1.155817256227388
4.164201351105495	1.2957010163747662
3.030961883597363	1.198751208144049
3.993260758954262	1.14294326541954
6.489031620887369	1.169929951878734
4.127796215770662	1.277606119970063
2.929522474162149	1.1351432381765496
3.714271501454565	1.2317805858372404
3.1479496289798345	1.1516981096410468
4.195611383682066	1.1549762960779586
3.5418424387996335	1.085424121842667
5.817131821785919	1.3026449239854383
6.344902189411443	1.0828776100994375
3.1333777050097713	1.1320035825103083
5.007360368039091	1.0932566948207767
6.008668348246934	1.1590874380628815
6.421944782363694	1.2370896279083543
4.920585721816092	1.2449939773025789
3.645463158695014	1.1045278096584847
4.719183588616067	1.283466900462116
3.2154535913058053	1.106175674016632
2.8920214511036235	1.2532435744543755
6.588026717819707	1.2346472477400772
2.6123171331987343	1.2948270738519065
5.057121239937631	1.1716721453091565
4.71745208388675	1.1300618883377669
3.3384247341107316	1.2877642327319154
5.806508650976273	1.1306730384139305
6.7389446711007075	1.2620226970887247
6.015822404150384	1.1786730897590152
3.2044958101225376	1.3122619637405541
5.857549449560093	1.2645076782184623
3.014553004526465	1.0849106327883575
6.443836335687639	1.2056392285165696
4.905226225222851	1.093322558369273
5.601898242276877	1.1479915906695823
3.9763442105548625	1.1847550521909618
5.172933911127403	1.3126837463626069
3.9699559559663564	1.1527470069747905
3.14590346475352	1.1994306271590578
2.52693210872306	1.2711153462183216
4.813035816254871	1.0846633013326663
5.349682808899987	1.082854644037594
3.412495173298452	1.2804317120398376
5.742549061228715	1.250379228917509
6.2432443982483115	1.16595028920873
5.455065050350811	1.0839373693519432
5.9104192321167	1.169434062863823
5.887937688580599	1.1012878479897794
5.9044452643332335	1.1845943842381947
3.1637740183542333	1.25272610850976
3.6721423178202555	1.167166075036566
5.27324339293726	1.2913291095172612
2.3271411432589604	1.2452240230726273
5.52143615052065	1.2040896769669465
4.923168195966827	1.1748813338052904
6.480364720921511	1.252427575783689
5.339505461597392	1.2080268217423493
5.973321818828383	1.3083828279672756
5.4609762235038115	1.2074881877527166
6.15394827779229	1.1363460323215233
4.300265675860908	1.1545649640618132
6.4646204155403435	1.2679333813173619
3.950373882191215	1.2134057882136977
2.8855174603228595	1.266966672119953
5.176402569580766	1.2826682267010385
3.3515151891935737	1.2653299087972356
2.867534590543034	1.1016308150411873
4.217376586705289	1.163173938465125
2.9952898980575355	1.1341094427528255
4.630528231316834	1.2106690816429315
6.100331383794497	1.2404121854784924
4.770309046576099	1.1020035873645324
4.335690748599944	1.3104329530174201
2.3137776840929325	1.2792521567287745
4.958697914550495	1.163919864927307
5.503021590060371	1.1242142412185687
5.946229528880356	1.161243098076285
6.759020880710367	1.280814567915992
2.333758039703393	1.1564912666922513
6.131643488868521	1.2780438891406487
4.045931747068826	1.2701097740815332
6.029582089386297	1.2818720648404
2.373673904756897	1.1590606016055969
4.434430892973973	1.114134721624065
5.512029219525779	1.09796884904118
5.786325027972841	1.0857497798181923
5.756911094433708	1.2872318899956527
2.865715624836078	1.2222165878452707
6.194064619247591	1.1201908336820252
3.7254695009833916	1.1215122101021686
6.4921885321091475	1.1155858892383517
4.615268391980033	1.2221648076812888
5.381287370728472	1.0871949528143927
4.040150847241344	1.1034041009903979
4.451808964402852	1.1444333343079196
5.883524477547983	1.1707671072481312
6.485706360389002	1.205271995271942
4.931027537128743	1.1535642063376774
2.6264637787286924	1.1558414825683891
3.563671120910252	1.3063261996895805
3.3503327028766035	1.208905317786263
3.803691503872539	1.2030622201532126
5.065488963061618	1.2628810812862064
5.014056970990433	1.1232970947609944
3.862870937725046	1.2935103042533622
6.5703643554132904	1.276105689605835
6.358747995318819	1.2572958978658215
2.6101120760985124	1.149181642403113
2.284776852786477	1.247440851608877
3.2707293904562573	1.2008769644064798
3.5048922533634426	1.267473435441831
5.717124254808883	1.0810781883009237
4.097949041739587	1.0834456837351434
4.149330275889875	1.0850952213856768
3.8823279407537257	1.2300674866970112
3.214388181510767	1.1747521689801304
4.564756521197246	1.2681888292111736
3.7654817223218195	1.1728128161726223
6.034859792138747	1.2130917927221891
4.196569590888272	1.0931809181757106
5.712393034038007	1.087697918889247
5.542027141729984	1.1533724584871
4.301650769995071	1.2289726749851038
6.273786972187062	1.171432548394925
3.979931363609837	1.2383683926722955
6.047484624403252	1.2253513838291132
5.0346926459471515	1.2380840803865412
2.6526711678577137	1.116131010687374
5.789620289090963	1.2664842784669275
3.704207000170109	1.2190000488829162
3.1050991347007213	1.2413312405833894
3.8290004586290953	1.1823131108523712
5.625897287004669	1.0827969038455592
4.32501541144063	1.3146888543258344
4.154575915965038	1.3160147806622273
2.5007553355530385	1.2338588363285625
5.243751342005359	1.2211667342343746
4.77485387459291	1.1266118427826923
5.872403566574716	1.1573428649445932
6.207308892923265	1.2724597822808215
4.498497548421481	1.2999856562525451
2.9034847957060044	1.2673169891925482
4.507695322644241	1.3073565762071158
3.6535760686334995	1.235499106212139
2.384265053286641	1.1006460034544752
6.260632727461418	1.1176588188758878
2.8261154155197854	1.0860018268316634
5.3974383317622046	1.267200456701073
5.823568351674947	1.3134276280840587
2.463508179460886	1.2593425604877146
4.347407916899138	1.2413034497936628
3.5615961741837783	1.2786062992373495
5.201330857631651	1.2995984161937724
6.126648386689173	1.309634112305576
2.7359647354585146	1.2129598634019765
4.713285653764405	1.1204209821164741
4.454463490563041	1.2806270579840537
5.273286737482131	1.2983247674782312
2.4886052293709255	1.1425273146916128
3.0390231661142675	1.1636194476288197
4.258201724257939	1.0809734787629663
4.8710600521064045	1.0968007684500127
3.2117374286880387	1.3078635116671642
2.7591964060530603	1.2663626118439277
6.06063791779558	1.142086107313738
3.5834481050051883	1.195704674972056
2.9522761831706026	1.24861873524835
4.3396699571124495	1.2251019958889193
4.113299613662021	1.190986742466648
6.056405815273942	1.308206643338533
4.1377368608138045	1.2701986387388333
4.42986514849023	1.2528570534800654
4.978603370064171	1.1600617855242
2.7938112138180626	1.1383112702299163
5.503847907277461	1.1776517581603632
3.142693339669699	1.1597274824069546
2.485888557493059	1.2296028050795529
3.319124113098186	1.292029904889037
2.614101331214204	1.131937559769857
4.237715585554636	1.3193097369296034
2.480193697380524	1.1584050138450928
3.874104132658874	1.1855743178564766
6.669733616140407	1.112546524067408
4.353280227069126	1.17675569575357
5.844065457213464	1.2404406851399654
6.130615669005209	1.1913552906986884
2.9674281419394646	1.3054183087984566
4.26081819791447	1.1947049334394013
3.0987851617420104	1.11582099069242
2.5860329424992305	1.1898494462490747
4.264400374721236	1.2062081885969154
6.330135839986326	1.1552262346697024
5.819239453217175	1.235125198917801
4.869346741342053	1.1072411689095871
3.7131842493205918	1.1680869392836861
3.3005712889459566	1.1875754321202476
5.347398716453094	1.2974364271390149
4.586582833697738	1.0936727334572756
4.3216149190770325	1.2653180457623228
4.859595680897171	1.287866356053524
2.37083406552387	1.1228820225489127
6.247077960085516	1.2028360138445169
5.550020339548155	1.1424537087868698
6.3105788121462885	1.3111766983900421
5.7554661875929645	1.317155284881946
2.62638287850558	1.2827336514077468
6.567070544017881	1.1444836399042841
3.6244074158975836	1.2256118920109138
5.9642909342253745	1.1088047504157514
6.2196847675921045	1.297076872176575
2.6025470283286953	1.289207081011566
3.4244331552310223	1.1831301117240218
3.3693387433139677	1.099273784716126
5.328200274715285	1.1223501623542333
4.263071181837466	1.1318249955579294
4.359437111822459	1.1274174401486348
5.23054979650686	1.186585580068321
4.892589221903594	1.2311848063642725
6.0785553345410985	1.1108604400756381
6.7591975335382966	1.2706829178913415
3.082973531689472	1.2991800320345777
4.579801120886984	1.179534922048548
4.90670104185074	1.2911775602647255
4.624677662402368	1.3080680307218127
5.9398289408222436	1.275753327790911
6.467023230348588	1.3002045250723326
2.703995492536427	1.2432043197613738
6.343527941138267	1.1839715731104712
5.170208360256196	1.1137201375615484
4.748848955515901	1.2390052920581447
4.418740553648578	1.243540150827305
6.233609180587859	1.2125444213731653
5.6399862277965145	1.1062212894172883
3.826055405428233	1.0865508961178612
5.457947402234042	1.1093361974147637
2.7704787405458804	1.1000749547872761
3.5749178216773254	1.1593361641716973
6.708782575869709	1.1359118370142869
6.250750826128094	1.263290100914921
5.103901621842603	1.288425679662769
3.35459970281344	1.2682675645741448
2.4324953044611135	1.204925667688661
3.2169090777893183	1.1769023760908814
4.8275524132275045	1.1417786210418497
2.6908740898670462	1.1837549406038015
5.882877067184317	1.307847559508438
5.64074804305546	1.2008761152881042
6.593883847591808	1.2611662022310903
4.414488984098068	1.2294502581063163
2.3004450051949235	1.2973265411870238
5.412663912842273	1.2703616784738505
4.515197868733876	1.2541162584143841
2.945414724224882	1.2932538949933348
2.4521992118112004	1.1304188267113395
4.099742684641034	1.1251802358469323
4.4013274932539375	1.2554068538509857
4.219702541212618	1.2086689688263954
4.178918783417604	1.1318470583381743
5.4403833847339875	1.3142272100178847
5.3192181458464995	1.101223481118522
3.869920633654216	1.1981311093740272
6.571930283914094	1.1912446601355675
4.749831631782598	1.2508344451315068
2.5959910119287453	1.2260724833516743
6.070416353312815	1.273910003294237
4.074743279426098	1.2773553862556448
4.56173032931624	1.1724311957370552
5.046484691548951	1.0990490189883748
2.291408542006322	1.3075824527794906
4.464257900939438	1.2574860177693037
6.207566883390025	1.216501545397929
3.4306178399356106	1.1968103629758695
5.128040441860219	1.2360485046315999
5.551803123178933	1.1642208580053721
4.430771523392451	1.195488906423059
6.600844208801591	1.139153389380019
6.229963986236121	1.2041935605579137
4.795846574968462	1.2068132875903168
2.8926911169028564	1.0916139507946956
6.441044538252637	1.1007042291057227
6.535084915848985	1.1516203105521454
3.4145972434472363	1.1999009369432032
5.410681682337305	1.2502694122922104
3.0033178570517056	1.0955003377872212
2.3245673167104837	1.2540181002572446
3.4326974386569127	1.1872550252756788
3.0838553838022413	1.2462928027471984
3.1422260952429397	1.1882086997382568
3.181491049880983	1.1886004185567811
4.076017029936104	1.1090180663698272
4.615058800024248	1.236138738262534
2.2789576169090937	1.1406502709654902
5.81749932233029	1.1010405383718112
5.132155655478261	1.2724061946991887
3.2236432564171236	1.1008084463336654
3.3050559241624913	1.279787698590216
6.641319640501302	1.2990955069702201
4.246784402210629	1.1298736910607385
6.636116043832515	1.2340477935684517
5.041699362595738	1.2853432539430727
