1.5721527911834223
1.5893761724708677
1.2173551967831522
1.1189734168924985
1.1895575455131417
1.7209906748811172
1.3987566644112126
1.2152619170338068
1.1155838270757457
1.224135197623206
1.587480621795587
1.1539531856165688
1.3262235819055535
1.2581567461679828
1.4346052147338866
1.780950740509922
1.6708370356616666
1.5376202328098532
1.2526757561462767
1.3635870568918596
1.074468553861671
1.7974407080656392
1.134865821724546
1.3654073252679542
1.364460948935346
1.784188090266168
1.6218595000107157
1.2243933252020625
1.0468302284305162
1.172318190298025
1.2634899037702167
1.062693256811861
1.1271054781787624
1.2284835534983845
1.1163016352944375
1.3592792872653887
1.0780169386647214
1.521277843897634
1.5322735145749329
1.595858863066944
1.7469678608809134
1.3957664812633608
1.3744932766621316
1.3915210977966812
1.121931619105296
1.0277465073627579
1.584966451780919
1.7002295636258822
1.7665112932791494
1.6145178110786524
1.7420576427213716
1.218859478445475
1.0085544568335545
1.764186998930286
1.1249454128634988
1.2516903592027353
1.4227532768326636
1.0358464813809654
1.2935379009599344
1.225160146294873
1.4569347930765892
1.5060320749638252
1.448370174847779
1.662950852115869
1.1148072097126516
1.1471671704501998
1.6986489895731531
1.6908331280055955
1.6041965911483516
1.1005305843912427
1.197619809393501
1.0553603106336489
1.3979551213672434
1.6733809022028372
1.4445806210461485
1.5944709883259338
1.7115527845971918
1.2674531484901999
1.4010858326551774
1.7588071352001555
1.640491553539799
1.1794411012649073
1.7968687968633668
1.434706780688973
1.0034856292224323
1.7738403714755306
1.5870156950792458
1.0955128609436764
1.393205841621738
1.3871861121702354
1.71417364460877
1.1781879132808748
1.6786883759637643
1.42138988744895
1.032099528102831
1.4194926821991296
1.4703448428665247
1.5445017892743147
1.1623332443434606
1.3417705219573803
1.2701476567095091
1.3991395872700672
1.3395489416641104
1.551000375074317
1.1501261061507748
1.2953930721483247
1.1782773807145668
1.672918010972021
1.180430639250562
1.07485839772708
1.657375021777409
1.7658822417839213
1.7497484668984975
1.3528880442172242
1.743179424056743
1.7706156470910435
1.374683879286187
1.5381110908942586
1.4152646248206797
1.341761313309046
1.3165548091478056
1.0313741251587165
1.5000120149771852
1.3092483298708981
1.1594616685176793
1.3084517407907512
1.7148129442217617
1.2034529608972133
1.7621761956972812
1.785309240011451
1.6679242858194587
1.2467107217378097
1.542055905027513
1.1672034364604729
1.3059942859349043
1.4043033347696248
1.288761154293469
1.2284996162151471
1.2314257826360229
1.3783842994436686
1.4377927574208955
1.7948452713410876
1.282991498683839
1.6364072865793435
1.1184376001244276
1.236781438791914
1.0055577775111493
1.4532338274168808
1.2529766017532125
1.7071092253389382
1.3318897747682683
1.1287593977542594
1.675097916924805
1.7762229636697495
1.2937708620294477
1.116827086395401
1.5048577031002939
1.6166678763497655
1.7331873040076777
1.2148517958728855
1.7018501810650422
1.783814049596637
1.6930843437206393
1.4736189375279427
1.0615500501931328
1.674695421029408
1.013353801132608
1.4208188819308463
1.6829356675062441
1.2809482421198781
1.071680572259132
1.2449298757672589
1.297227963022618
1.5576308929251899
1.3387087947666034
1.3116220317387939
1.2834925386156804
1.5646691699230977
1.6915399839097554
1.5771565295762247
1.6229990533582548
1.1821955327440958
1.6646480390892835
1.0949137739848815
1.632318226042831
1.288208164400495
1.197517570371086
1.1739091312104517
1.6337676755452128
1.6561876608066632
1.7967173779346315
1.174873585191318
1.6511363624804751
1.1347404845579967
1.4188384252845214
1.6683626497083064
1.5675216453528982
1.4876558015135337
1.4408807587918897
1.0897774364001163
1.2536455993485174
1.0418920783625158
1.445775235719649
1.6252124712317766
1.2166722932054064
1.3438818768996337
1.0082746761706296
1.7465660814811632
1.3228664258854055
1.1217515698172555
1.1893343390754447
1.5346569369248395
1.5808941419853513
1.3553995626648998
1.2270875230434581
1.271396356499751
1.6041402857391214
1.1815544429390112
1.6345082862854845
1.489999116052494
1.2455233379330823
1.6877721665080332
1.0366070735048278
1.6420939078467254
1.5286300702898352
1.0525536974310818
1.3175477217047067
1.6939147412662094
1.1225717035756515
1.2992052732922392
1.3988263748187153
1.3554288154392535
1.1805289346679386
1.1876553566044235
1.3925355325625866
1.7293143355678464
1.302817112078856
1.2215679584895842
1.4634975212706915
1.6226638922164685
1.2928375454903063
1.095990836286294
1.4715154943369553
1.5612672638546878
1.5053063642960436
1.7726841099663782
1.1825369547876148
1.6206385760203714
1.5328810467501306
1.7675779781302854
1.7754161630719358
1.096709129520687
1.1103554078424784
1.3434714457926369
1.066637612128056
1.6270549734583333
1.714578039500659
1.0593402922006943
1.1023957153585506
1.5649141710383758
1.6289983188140342
1.2138942988266508
1.4539161727773808
1.5253785346060544
1.687894447710308
1.0235226958272405
1.6912576213888935
1.1985813425294554
1.6654822712668564
1.1361479740780551
1.635982804523707
1.0666795534670448
1.1573357315285886
1.576824440318842
1.1961307154280714
1.4250609253370274
1.4272668579894872
1.624207657449098
1.4882918621514631
1.253146423729182
1.7924715296220062
1.2461882309650367
1.565466708421356
1.5797951408761381
1.7174131149396201
1.6898625344087828
1.4805808769051256
1.4074873397624537
1.439344871319296
1.4839660230582066
1.075894773214069
1.4569463832379639
1.2298990955756741
1.672265178742007
1.617960886028629
1.436588718814198
1.5836546977022816
1.530069916465158
1.2990815241911216
1.4849632597497515
1.0142387666854655
1.286545206522483
1.3380809122437274
1.3393912764080713
1.6537950233026388
1.6088769865416346
1.7716340345689696
1.6475855007084883
1.186653708074821
1.3780491786779712
1.7742409844170457
1.7305557995328347
1.1648380184499842
1.1634683919191928
1.142847957219772
1.7507564632046049
1.1794796603163151
1.6492195793928555
1.0347018367802605
1.571780930292965
1.7563161850316749
1.795490994011141
1.6164411141759216
1.3332192486557175
1.1391630854570738
1.0483000679421115
1.4302760839881405
1.1239301425567503
1.297875758520134
1.2462541989284022
1.5335514674813242
1.7063930755283285
1.5412324399308424
1.0981408885200756
1.002127505692647
1.514779300169622
1.7697164672090162
1.5535960439002956
1.035285100766015
1.0801487741179374
1.0738057069864289
1.0124237923391108
1.7014850065264477
1.3516329158938352
1.5110289821049618
1.6902006857051863
1.6817005554599094
1.0631283919750483
1.34008753740448
1.4353734120532082
1.657925252813682
1.61965779233339
1.5520930180445807
1.6866515202207197
1.5054484541518447
1.4634616425319023
1.5895805956871936
1.2819367302788307
1.5350278269147453
1.7754129966279577
1.5364237728272512
1.662025753649354
1.095418709648828
1.6834626747473411
1.1139119693907449
1.4929304956036225
1.2576949132233946
1.2454937684312197
1.0444808087275856
1.706021816709994
1.0309847586207703
1.6260905767413383
1.0684086530032164
1.084518289886745
1.6776809886742288
1.0143685971190681
1.705476063694566
1.6865281434291348
1.4078222606608648
1.0025236406901272
1.0613368233221994
1.363304227240048
1.3614118148096976
1.5926420820915714
1.6447773654849822
1.0717631873282518
1.1096281997273403
1.7887366373673694
1.740523795636821
1.2682899848578446
1.5191375139157497
1.0032420639106625
1.7010831411434926
1.395109463870457
1.7179492394396605
1.339124696582534
1.355244379730193
1.2424084663395878
1.4452302260853158
1.1163311986993143
