0.5186457864919668
0.9113811737343612
0.8530551514264626
0.15485369683400574
0.9504523782670942
0.3973598110883042
0.3863646472037242
0.20372936034664602
0.3663516010285134
0.9676833508227692
0.0693967525564585
0.4666522016226612
0.8181500722940276
0.7313540440803402
0.8833591672738533
0.07955397074936088
0.8268242699244951
0.7126221783116821
0.6729574785815587
0.44164499758221754
0.29888799626920315
0.9879967004175658
0.7712081204378968
0.915706391978645
0.5979652290087215
0.41142227875853776
0.7652262908072974
0.39460587521329615
0.5980395167061561
0.30495212370407576
0.07435946154885087
0.5299044650599484
0.8169398609750493
0.9386315552086313
0.6865932314500676
0.31004305810013166
0.201037478971258
0.10206121886551034
0.0283034424355616
0.33490210232001794
0.9916695178587867
0.9792730016014947
0.898201504712181
0.8800212621594926
0.2357217725407087
0.14005949970273135
0.8153131504321084
0.465085592639102
0.9793366018299606
0.680426314999686
0.08251519526868278
0.6469890243077568
0.3116241457637733
0.8668630618298198
0.2155409688805462
0.1586037460566685
0.025069164274680977
0.09222771403874563
0.5791056718625089
0.9804004619755666
0.682167947086409
0.7401056156213219
0.8943469982202671
0.6408390872839627
0.1903925457308464
0.8472267658602374
0.8986848752377482
0.6132142167440409
0.04374588961052661
0.058594609779691
0.8035841820246646
0.6625038652921105
0.30470071660939624
0.38502761184890666
0.01753543916468392
0.1216677247342105
0.16222616520272026
0.9052753722196484
0.8185980986401222
0.1737052047175658
0.7871213856177826
0.06166389387544102
0.0026486895950830203
0.9261421021285122
0.16497049597934033
0.2636626736077279
0.5654160990546733
0.7648585205999083
0.5017591343880686
0.27598094259327444
0.27729116530839015
0.6277207181671929
0.48633594037300176
0.9969661860497869
0.10485030923994909
0.21389379282128684
0.8685862691614589
0.4953181439144473
0.00787839334729823
0.42367225886773296
0.3020448764190373
0.5919994771866689
0.8753913128341185
0.7242390668921561
0.1993887439074744
0.008951661720071225
0.9556648407210493
0.7443531448194574
0.7279773545965588
0.20712061461838616
0.21593007855185142
0.5544125353561886
0.5699222176037223
0.7703255981750227
0.9108063580030196
0.025428840924957563
0.9453854458461038
0.5546882096686491
0.4658473791667028
0.6210984843400861
0.28103155230595434
0.29964429240207235
0.13943103125912182
0.14693766879638215
0.7631913839385163
0.9207162821855832
0.6560010351701288
0.4492210142574755
0.9733749721402009
0.06426944209057195
0.5498451216138142
0.488694202053651
0.9979845595541361
0.7678880552224159
0.21986450041798222
0.1342750999681669
0.01723932732388389
0.9069056043658411
0.7957715840303636
0.1509476837203133
0.5718061306622185
0.952726308385906
0.6240909426485379
0.5821064656039141
0.10405570709498602
0.9446205326407683
0.08885785563162185
0.516159220503569
0.4735540647136216
0.9170270876976649
0.9908656011370373
0.5709306436704428
0.8131218585286927
0.6925369658874844
0.6297385895673757
0.6988398155378724
0.059380877777034935
0.7490613692920827
0.7375696345202336
0.09030281636881843
0.23959685082285254
0.1571540042111803
0.4063260527168977
0.523833497553954
0.9037265574856378
0.29401540674474347
0.570040210296932
0.3448206708375895
0.7373950019218598
0.30252150983543113
0.6881197150730991
0.6198198346680955
0.930513948736289
0.6364206954065026
0.09270016542756221
0.7118660533962398
0.934316849335783
0.6853480709923605
0.1318269616922858
0.8312700538632851
0.7892636493321956
0.8528119440281957
0.2676557626788877
0.712538917720651
0.9704330185195955
0.8783850295055773
0.6514132719188546
0.6909489368305367
0.004253983955840646
0.449962937665211
0.5210939496311447
0.448900897252535
0.4889731453085844
0.050953180586724156
0.3765486988393255
0.14869910999047398
0.35343906534092207
0.7186324780081212
0.20717615802388734
0.20018129838842824
0.26994153176811697
0.4948139006583868
0.1048332232655852
0.7101429345470232
0.10007694184572313
0.5563311091749026
0.2952806182786535
0.49666355833493103
0.07091603169067418
0.988399037953114
0.23700905023300922
0.45584150790991174
0.7604688186642498
0.21104614067296512
0.3255999118333479
0.7987074384507484
0.71309945074423
0.1525943295311486
0.24040950555798268
0.9286563181708523
0.5161496737468149
0.8722507333811405
0.7787927683553924
0.9010936653233372
0.028674809510274124
0.12584425172684954
0.605518138172691
0.852194624076091
0.8046279763617062
0.2503796142805632
0.25755460232217753
0.3433271400962177
0.8256090525313197
0.09898745426524358
0.11887712209017764
0.5411785802109569
0.028747123325416957
0.6555200513568925
0.4278482656335948
0.2507449794528449
0.8408725783521646
0.3426403686855952
0.736064597317085
0.2203839345325873
0.2065890625350948
0.3863980691585367
0.7531610456210743
0.48456461519046845
0.3597440157850096
0.0951303456888265
0.24878552357842298
0.49141395416504385
0.8027569684081145
0.5630889371470402
0.726234142395223
0.6761475825618949
0.4074552710189997
0.5011150324773469
0.154523524542446
0.19223093833235783
0.6782524240516036
0.7969978796480457
0.6194622269697665
0.19157038726327624
0.30113637598783305
0.26473985063879624
0.7359551957425822
0.7530490548620306
0.2215581176270952
0.9417520425326149
0.02977233792298084
0.531545704458883
0.742592970884428
0.7398402494495233
0.04743842333180681
0.2456006406480753
0.5664134027947337
0.8057729639839151
0.5121175118821781
0.6748247486761833
0.8403903169052576
0.6478674001040727
0.7578906919546368
0.1592801141585446
0.032270480387398104
0.11657984397472043
0.8708857543222689
0.5926673886061514
0.2920843914802891
0.7571558311319516
0.16032102279112692
0.8984430781964688
0.010950166874449163
0.3465252386058897
0.25275346324090864
0.3273696247492498
0.1821866262632128
0.12390948604318908
0.908022115399701
0.4487846892867491
0.20968943536269757
0.6723451007646752
0.7285792909615394
0.5362322137753665
0.6273120331610543
0.21838166889619526
0.8944767520615241
0.2762085916744613
0.1628655530332659
0.8740871617092973
0.5661775469989492
0.33823639624757673
0.2421987903267322
0.7364528411272704
0.7979055478247109
0.7620973499963158
0.5999711894765678
0.6648796879071209
0.7986650382391006
0.7291869087579437
0.4934510336887361
0.22456449140603219
0.152795678255221
0.40727328058863355
0.46020944529267926
0.09349717163780547
0.16456420346631329
0.7342168851346699
0.6333253968078539
0.5705728166268168
0.7291768980443407
0.10103103198107266
0.5538440903417907
0.7276308747667977
0.3187584305350448
0.6507042942656178
0.8005757677716098
0.9587047069030709
0.9824991997539535
0.1306182977962469
0.10603911854549652
0.34516505530731056
0.0695068767371474
0.7365703516478173
0.6837281457796415
0.6020514647414212
0.4001503111409892
0.03239062356343114
0.7954241260524124
0.8612790834943133
0.7186412454001732
0.21484880943413287
0.0028180236425912053
0.7862718922667377
0.6931486695455181
0.5930104151665747
0.12176425614184438
0.9460710799356549
0.787222697304656
0.8899037913258356
0.3714719552347676
0.4014030350872472
0.7574702220077397
0.6520588600677548
0.20972337804252472
0.7274394131178131
0.020249754399523923
0.9456801124362573
0.5777219041536572
0.19741205451376231
0.44465581893612294
0.8688381859527416
0.45885257494433274
0.6933292476784731
0.20786242035605773
0.806547011185311
0.5120659350954792
0.8952897006579414
0.571857347200182
0.6226059070320459
0.31074396853189035
0.7919726622211368
0.051728445830513614
0.28407803959130085
0.2750191766608112
0.38516450287182336
0.0645797217527081
0.37799431916396786
0.18193908840682027
0.2904407525466025
0.16585974389922575
0.7412182539870866
0.4236671309590033
0.7815879833569322
0.8577565531499096
0.3610245923451122
0.9505950069431801
0.5702447197988407
0.17860218153692975
0.8362482527398151
