2.8032151391058138
3.978400006441879
2.3834146381957426
0.9189088476630589
0.4996088747829739
1.2247093687483837
3.284472704187126
3.696682235826964
0.027943968702566657
1.0483243074341795
1.0527306551812892
3.3557632771785575
2.1784774896824035
0.8877036551332074
0.6073475567672326
1.5804983908425352
0.38974378384138175
3.8329007376846196
0.3396857182115536
1.8311191707786474
2.9554947278857746
2.0331981450002696
0.9140972875605611
1.350362474380458
0.8443511340526828
2.126306596945397
2.8940953096760245
0.34029025906008137
3.4183812806891667
0.7034764013840911
3.94425289727607
1.9303571243679576
1.3783309509358057
0.5538451968962077
0.9397546740339395
2.6129022788381766
1.6918739403865173
2.844582542930994
2.887360929990982
3.3625594265127066
3.89964700709075
0.7706602109516729
1.663054091309132
2.959933561865979
1.1919593830991455
0.7657254839982035
2.189351987727619
3.659581231081222
2.3396441133346793
1.6100369053170573
3.159574625570009
2.4756961323918265
2.3577802887269286
0.7996341596959398
3.7667980422332943
3.160639571162994
1.6082921522419888
3.0714363025961373
3.0864838944519213
1.1170570019844797
3.188247124037517
3.4907554270119254
0.8289059674315937
3.94788913920524
2.970091229799307
0.3441648639730417
2.588927562531338
1.4278369770609043
1.5215193905788373
1.782792406635474
3.8196864995327355
3.876940915951659
0.8408252384812487
3.578021485142309
3.465017775133457
3.7016803829452076
0.9928817605086717
2.696715597362783
0.14732981129182088
1.0184422975560894
0.14493638355056948
3.2717570066037784
3.9637770375297388
2.5151980665207216
0.5562321365457019
2.133791851972243
1.3198388486009835
3.601063604294622
2.905484173456439
2.0160393614191823
0.105314954221146
1.582613675117151
2.0695526091842993
1.0628794687327199
1.8635944352706155
0.1465998618997073
1.849824399006517
1.7345020905259831
1.8805502707650263
0.4112668177692753
3.8985997075568184
1.1179550961975364
1.9652341826624018
2.50357516246557
3.9634770488366526
3.972707348891414
2.3193983384797314
2.918261495238958
1.3888870399610171
3.3795703483522384
2.8514269806749946
0.9795445748736991
0.8105772605043482
3.644536104944873
3.813287664114878
0.297050909074112
1.6586805716240014
2.6870530725935664
2.1581790054235115
0.776987856535448
2.0304137780480316
2.2400337091729323
2.907461405378069
1.0152384032602182
3.0985544074910445
1.7323461245015621
3.8506400873296083
1.1038771792907798
0.7880868670555974
0.3953127189132215
2.8230931821831713
0.9832790135824223
3.433213357864018
3.6989830268841173
2.2282894831267894
0.511885915961845
0.18000436023417343
2.713245490306544
3.6193591961338725
0.1541187407945359
2.2984142998871833
3.8370379174164055
1.891750009589706
3.9267476104378916
3.366350939316533
0.8508033818997394
2.5655796106953086
2.6704927980284916
1.8034097465578736
1.3873453035665633
2.0487279428943
1.361383284408313
0.24530443653588652
1.8691287138497392
2.54940914216722
3.9796351180068004
1.681361774269925
2.6508946856664104
3.191455710050719
3.6900234676965806
1.2019148353558724
1.0434871241983967
2.5691923554146867
1.9053165463017794
1.8427103933671778
3.8291389984019713
2.7331180532734733
1.2960483900907325
3.4119760594323973
3.329367435970052
1.9313918131453152
1.189160491762085
1.532028965178161
2.638485175573297
3.389498732254157
1.752047655952536
0.877443834147376
2.5309753472895773
3.0340051482676387
0.2673101142892831
2.6831329539992037
1.4667064307979882
0.261738050134281
0.15692577837034882
0.9275321917371389
2.9237828508331205
0.2481123774900258
1.0008605608836922
0.1806877696427498
3.522845585102239
0.23847169423689074
1.6566693617082073
1.2064452872598155
0.5859178512485954
1.8074664831100842
1.2030797609359527
3.2597648644685715
1.2541312916624898
3.322741037839854
3.0985535902058774
3.257484765556369
1.7762773614421818
3.1170180345820238
2.664227869639771
2.53547730843345
1.8229921924423493
2.1337502820752383
0.2723567019947182
3.5057200960685995
1.2198713911009675
2.063979415049372
2.5448089432793983
1.3496093332990995
2.827129725831099
1.938862105114127
3.8734919918329553
0.1408180540991646
3.2106631731050705
3.42579988236543
0.1602835628267112
1.535037977850898
3.222551496941181
2.346405508002302
0.1524031764272067
3.6985867890405197
2.2167019703300017
2.2295320162946286
3.4894471325564114
3.3225946081949687
0.4843034801509716
1.0079336794581049
1.2846940724326945
0.24154505955321648
1.944107348768616
3.3982854808998275
0.7647475037752622
1.5710143943359576
3.6339039564776625
1.1346617210023449
2.1133253536448278
1.5724435036541222
1.6762693941596702
2.7731165450597763
3.306222385678739
2.7063327166580695
0.030536515934463715
0.2781104312613736
3.0626801753434316
1.467759166364257
2.8627660177627723
1.1037984689166187
3.542171490783621
2.8371417199018625
0.9403895746899131
0.5940256703066331
0.27795364854485705
1.9792677305305073
2.26340286839584
3.0749455420150205
0.4929288676743875
1.0797881733525778
1.6233704461771299
2.3151234063846706
3.7107866446843207
1.0748597361433059
0.4241453525197256
1.0458470805879876
0.6701581948743547
2.809452540081898
2.3812258364240315
3.42528004996625
0.0027181233283122275
3.136261652922657
0.47070462413218017
0.9628465740073144
2.273106479105669
0.2915231517395509
0.5695768891122777
1.2648297977559144
1.9692138037168925
0.6644552312072589
2.6576432591470276
2.6437692938785964
3.9198755851033624
1.3245453756601697
2.6826753948963886
1.3183579733489816
2.928881934287819
0.4814155137228586
0.9291853205881981
1.9691183122233573
0.614110094965163
3.869048806568116
2.677695762878816
1.1297808100309608
0.9190958506916287
3.128565784318637
2.946519796749065
0.089219177430365
0.13182266672338017
1.0679650332255908
2.5377638434388374
3.730749228925439
0.38610391111769005
2.1005093554194625
3.23672486206834
2.2173410052131013
0.6085034701648189
3.0526506420444735
0.29513970959109415
0.1739486874584779
3.7582793127575242
3.646244902822531
0.3558401032345606
1.2476934735251795
0.9167987309038601
0.6957829233339439
1.2882539885589308
0.9549390573084469
0.8253917344573911
2.4341525586302897
3.4598486527626178
1.2094401060256899
3.8188522952126602
1.5281590378235075
3.8933618217401595
0.4539363575130162
1.992860730405447
0.8186754784206611
0.8130474861097965
3.564671856602488
0.5522237091463098
2.526157973160786
0.24815861688820418
1.2418194332603494
0.7763750040004589
1.2061499383764551
3.2514041159818707
0.3040939700552081
0.12669266921332767
1.9377180397350986
2.1919665139721203
2.628637044286509
0.18262639822156057
3.287358704974047
3.7838025776320996
2.0686804205964844
2.746964525200671
3.9297865062561046
3.926061892683863
0.693072496353357
2.6126389578829596
2.4033337832293786
1.3491643673612446
0.4292112485582624
1.722104202696567
1.2532912532836362
2.7369377966435975
1.3654933003666736
0.9798868716796609
2.4551441783078602
1.2900970187165077
2.4980240246882386
3.8274286503454884
0.3338469580014647
1.3678909990513288
2.0312633612284565
2.2122766260336966
3.501674228891817
3.7378618466895013
3.7016859909159514
0.4713674275249464
0.8585463311130446
3.807598134186048
3.113332453347289
2.3979869742288464
1.775476531007643
2.8288172168978027
0.2512778124164612
1.4864799146405123
0.33698020089651193
0.8639101219330634
2.941393528481858
0.6574209013131669
2.9100673241753223
1.0182817879832387
1.8595303478861243
1.3171799914884894
1.567223223217669
1.030582438823663
3.6644913874423937
3.1527131325150375
1.0028462394479734
1.2125594378744124
2.729636101504626
2.673146407955292
3.12083623624148
3.545200685090856
2.9051575796760774
1.7757383362163166
